151801 1 1 0 0.0000 0.0000
151801 2 2 1 0.5000 0.0204
151801 3 3 1 0.6667 0.0408
151801 4 4 1 0.7500 0.0612
151801 5 5 1 0.8000 0.0816
151801 6 6 1 0.8333 0.1020
151801 7 7 1 0.8571 0.1224
151801 8 8 1 0.8750 0.1429
151801 9 9 1 0.8889 0.1633
151801 10 10 1 0.9000 0.1837
151801 11 11 1 0.9091 0.2041
151801 12 12 1 0.9167 0.2245
151801 13 13 1 0.9231 0.2449
151801 14 14 1 0.9286 0.2653
151801 15 15 1 0.9333 0.2857
151801 16 16 1 0.9375 0.3061
151801 17 17 1 0.9412 0.3265
151801 18 18 1 0.9444 0.3469
151801 19 19 1 0.9474 0.3673
151801 20 20 1 0.9500 0.3878
151801 21 21 1 0.9524 0.4082
151801 22 22 1 0.9545 0.4286
151801 23 23 1 0.9565 0.4490
151801 24 24 1 0.9583 0.4694
151801 25 25 1 0.9600 0.4898
151801 26 26 1 0.9615 0.5102
151801 27 27 1 0.9630 0.5306
151801 28 28 1 0.9643 0.5510
151801 29 29 1 0.9655 0.5714
151801 30 30 1 0.9667 0.5918
151801 31 31 1 0.9677 0.6122
151801 32 32 1 0.9688 0.6327
151801 33 33 1 0.9697 0.6531
151801 34 34 1 0.9706 0.6735
151801 35 35 1 0.9714 0.6939
151801 36 36 1 0.9722 0.7143
151801 37 37 1 0.9730 0.7347
151801 38 38 1 0.9737 0.7551
151801 39 39 1 0.9744 0.7755
151801 40 40 1 0.9750 0.7959
151801 41 41 1 0.9756 0.8163
151801 42 42 1 0.9762 0.8367
151801 43 43 1 0.9767 0.8571
151801 44 44 1 0.9773 0.8776
151801 45 45 1 0.9778 0.8980
151801 46 46 1 0.9783 0.9184
151801 47 47 1 0.9787 0.9388
151801 48 48 1 0.9792 0.9592
151801 49 49 1 0.9796 0.9796
151801 50 50 1 0.9800 1.0000
151801 51 51 0 0.9608 1.0000
151801 52 52 0 0.9423 1.0000
151801 53 53 0 0.9245 1.0000
151801 54 54 0 0.9074 1.0000
151801 55 55 0 0.8909 1.0000
151801 56 56 0 0.8750 1.0000
151801 57 57 0 0.8596 1.0000
151801 58 58 0 0.8448 1.0000
151801 59 59 0 0.8305 1.0000
151801 60 60 0 0.8167 1.0000
151801 61 61 0 0.8033 1.0000
151801 62 62 0 0.7903 1.0000
151801 63 63 0 0.7778 1.0000
151801 64 64 0 0.7656 1.0000
151801 65 65 0 0.7538 1.0000
151801 66 66 0 0.7424 1.0000
151801 67 67 0 0.7313 1.0000
151801 68 68 0 0.7206 1.0000
151801 69 69 0 0.7101 1.0000
151801 70 70 0 0.7000 1.0000
151801 71 71 0 0.6901 1.0000
151801 72 72 0 0.6806 1.0000
151801 73 73 0 0.6712 1.0000
151801 74 74 0 0.6622 1.0000
151801 75 75 0 0.6533 1.0000
151801 76 76 0 0.6447 1.0000
151801 77 77 0 0.6364 1.0000
151801 78 78 0 0.6282 1.0000
151801 79 79 0 0.6203 1.0000
151801 80 80 0 0.6125 1.0000
151801 81 81 0 0.6049 1.0000
151801 82 82 0 0.5976 1.0000
151801 83 83 0 0.5904 1.0000
151801 84 84 0 0.5833 1.0000
151801 85 85 0 0.5765 1.0000
151801 86 86 0 0.5698 1.0000
151801 87 87 0 0.5632 1.0000
151801 88 88 0 0.5568 1.0000
151801 89 89 0 0.5506 1.0000
151801 90 90 0 0.5444 1.0000
151801 91 91 0 0.5385 1.0000
151801 92 92 0 0.5326 1.0000
151801 93 93 0 0.5269 1.0000
151801 94 94 0 0.5213 1.0000
151801 95 95 0 0.5158 1.0000
151801 96 96 0 0.5104 1.0000
151801 97 97 0 0.5052 1.0000
151801 98 98 0 0.5000 1.0000
151801 99 99 0 0.4949 1.0000
151801 100 100 0 0.4900 1.0000
151801 101 101 0 0.4851 1.0000
151801 102 102 0 0.4804 1.0000
151801 103 103 0 0.4757 1.0000
151801 104 104 0 0.4712 1.0000
151801 105 105 0 0.4667 1.0000
151801 106 106 0 0.4623 1.0000
151801 107 107 0 0.4579 1.0000
151801 108 108 0 0.4537 1.0000
151801 109 109 0 0.4495 1.0000
151801 110 110 0 0.4455 1.0000
151801 111 111 0 0.4414 1.0000
151801 112 112 0 0.4375 1.0000
151801 113 113 0 0.4336 1.0000
151801 114 114 0 0.4298 1.0000
151801 115 115 0 0.4261 1.0000
151801 116 116 0 0.4224 1.0000
151801 117 117 0 0.4188 1.0000
151801 118 118 0 0.4153 1.0000
151801 119 119 0 0.4118 1.0000
151801 120 120 0 0.4083 1.0000
151801 121 121 0 0.4050 1.0000
151801 122 122 0 0.4016 1.0000
151801 123 123 0 0.3984 1.0000
151801 124 124 0 0.3952 1.0000
151801 125 125 0 0.3920 1.0000
151801 126 126 0 0.3889 1.0000
151801 127 127 0 0.3858 1.0000
151801 128 128 0 0.3828 1.0000
151801 129 129 0 0.3798 1.0000
151801 130 130 0 0.3769 1.0000
151801 131 131 0 0.3740 1.0000
151801 132 132 0 0.3712 1.0000
151801 133 133 0 0.3684 1.0000
151801 134 134 0 0.3657 1.0000
151801 135 135 0 0.3630 1.0000
151801 136 136 0 0.3603 1.0000
151801 137 137 0 0.3577 1.0000
151801 138 138 0 0.3551 1.0000
151801 139 139 0 0.3525 1.0000
151801 140 140 0 0.3500 1.0000
151801 141 141 0 0.3475 1.0000
151801 142 142 0 0.3451 1.0000
151801 143 143 0 0.3427 1.0000
151801 144 144 0 0.3403 1.0000
151801 145 145 0 0.3379 1.0000
151801 146 146 0 0.3356 1.0000
151801 147 147 0 0.3333 1.0000
151801 148 148 0 0.3311 1.0000
151801 149 149 0 0.3289 1.0000
151801 150 150 0 0.3267 1.0000
151801 151 151 0 0.3245 1.0000
151801 152 152 0 0.3224 1.0000
151801 153 153 0 0.3203 1.0000
151801 154 154 0 0.3182 1.0000
151801 155 155 0 0.3161 1.0000
151801 156 156 0 0.3141 1.0000
151801 157 157 0 0.3121 1.0000
151801 158 158 0 0.3101 1.0000
151801 159 159 0 0.3082 1.0000
151801 160 160 0 0.3063 1.0000
151801 161 161 0 0.3043 1.0000
151801 162 162 0 0.3025 1.0000
151801 163 163 0 0.3006 1.0000
151801 164 164 0 0.2988 1.0000
151801 165 165 0 0.2970 1.0000
151801 166 166 0 0.2952 1.0000
151801 167 167 0 0.2934 1.0000
151801 168 168 0 0.2917 1.0000
151801 169 169 0 0.2899 1.0000
151801 170 170 0 0.2882 1.0000
151801 171 171 0 0.2865 1.0000
151801 172 172 0 0.2849 1.0000
151801 173 173 0 0.2832 1.0000
151801 174 174 0 0.2816 1.0000
151801 175 175 0 0.2800 1.0000
151801 176 176 0 0.2784 1.0000
151801 177 177 0 0.2768 1.0000
151801 178 178 0 0.2753 1.0000
151801 179 179 0 0.2737 1.0000
151801 180 180 0 0.2722 1.0000
151801 181 181 0 0.2707 1.0000
151801 182 182 0 0.2692 1.0000
151801 183 183 0 0.2678 1.0000
151801 184 184 0 0.2663 1.0000
151801 185 185 0 0.2649 1.0000
151801 186 186 0 0.2634 1.0000
151801 187 187 0 0.2620 1.0000
151801 188 188 0 0.2606 1.0000
151801 189 189 0 0.2593 1.0000
151801 190 190 0 0.2579 1.0000
151801 191 191 0 0.2565 1.0000
151801 192 192 0 0.2552 1.0000
151801 193 193 0 0.2539 1.0000
151801 194 194 0 0.2526 1.0000
151801 195 195 0 0.2513 1.0000
151801 196 196 0 0.2500 1.0000
151801 197 197 0 0.2487 1.0000
151801 198 198 0 0.2475 1.0000
151801 199 199 0 0.2462 1.0000
151801 200 200 0 0.2450 1.0000
151801 201 201 0 0.2438 1.0000
151801 202 202 0 0.2426 1.0000
151801 203 203 0 0.2414 1.0000
151801 204 204 0 0.2402 1.0000
151801 205 205 0 0.2390 1.0000
151801 206 206 0 0.2379 1.0000
151801 207 207 0 0.2367 1.0000
151801 208 208 0 0.2356 1.0000
151801 209 209 0 0.2344 1.0000
151801 210 210 0 0.2333 1.0000
151801 211 211 0 0.2322 1.0000
151801 212 212 0 0.2311 1.0000
151801 213 213 0 0.2300 1.0000
151801 214 214 0 0.2290 1.0000
151801 215 215 0 0.2279 1.0000
151801 216 216 0 0.2269 1.0000
151801 217 217 0 0.2258 1.0000
151801 218 218 0 0.2248 1.0000
151801 219 219 0 0.2237 1.0000
151801 220 220 0 0.2227 1.0000
151801 221 221 0 0.2217 1.0000
151801 222 222 0 0.2207 1.0000
151801 223 223 0 0.2197 1.0000
151801 224 224 0 0.2188 1.0000
151801 225 225 0 0.2178 1.0000
151801 226 226 0 0.2168 1.0000
151801 227 227 0 0.2159 1.0000
151801 228 228 0 0.2149 1.0000
151801 229 229 0 0.2140 1.0000
151801 230 230 0 0.2130 1.0000
151801 231 231 0 0.2121 1.0000
151801 232 232 0 0.2112 1.0000
151801 233 233 0 0.2103 1.0000
151801 234 234 0 0.2094 1.0000
151801 235 235 0 0.2085 1.0000
151801 236 236 0 0.2076 1.0000
151801 237 237 0 0.2068 1.0000
151801 238 238 0 0.2059 1.0000
151801 239 239 0 0.2050 1.0000
151801 240 240 0 0.2042 1.0000
151801 241 241 0 0.2033 1.0000
151801 242 242 0 0.2025 1.0000
151801 243 243 0 0.2016 1.0000
151801 244 244 0 0.2008 1.0000
151801 245 245 0 0.2000 1.0000
151801 246 246 0 0.1992 1.0000
151801 247 247 0 0.1984 1.0000
151801 248 248 0 0.1976 1.0000
151801 249 249 0 0.1968 1.0000
151801 250 250 0 0.1960 1.0000
151801 251 251 0 0.1952 1.0000
151801 252 252 0 0.1944 1.0000
151801 253 253 0 0.1937 1.0000
151801 254 254 0 0.1929 1.0000
151801 255 255 0 0.1922 1.0000
151801 256 256 0 0.1914 1.0000
151801 257 257 0 0.1907 1.0000
151801 258 258 0 0.1899 1.0000
151801 259 259 0 0.1892 1.0000
151801 260 260 0 0.1885 1.0000
151801 261 261 0 0.1877 1.0000
151801 262 262 0 0.1870 1.0000
151801 263 263 0 0.1863 1.0000
151801 264 264 0 0.1856 1.0000
151801 265 265 0 0.1849 1.0000
151801 266 266 0 0.1842 1.0000
151801 267 267 0 0.1835 1.0000
151801 268 268 0 0.1828 1.0000
151801 269 269 0 0.1822 1.0000
151801 270 270 0 0.1815 1.0000
151801 271 271 0 0.1808 1.0000
151801 272 272 0 0.1801 1.0000
151801 273 273 0 0.1795 1.0000
151801 274 274 0 0.1788 1.0000
151801 275 275 0 0.1782 1.0000
151801 276 276 0 0.1775 1.0000
151801 277 277 0 0.1769 1.0000
151801 278 278 0 0.1763 1.0000
151801 279 279 0 0.1756 1.0000
151801 280 280 0 0.1750 1.0000
151801 281 281 0 0.1744 1.0000
151801 282 282 0 0.1738 1.0000
151801 283 283 0 0.1731 1.0000
151801 284 284 0 0.1725 1.0000
151801 285 285 0 0.1719 1.0000
151801 286 286 0 0.1713 1.0000
151801 287 287 0 0.1707 1.0000
151801 288 288 0 0.1701 1.0000
151801 289 289 0 0.1696 1.0000
151801 290 290 0 0.1690 1.0000
151801 291 291 0 0.1684 1.0000
151801 292 292 0 0.1678 1.0000
151801 293 293 0 0.1672 1.0000
151801 294 294 0 0.1667 1.0000
151801 295 295 0 0.1661 1.0000
151801 296 296 0 0.1655 1.0000
151801 297 297 0 0.1650 1.0000
151801 298 298 0 0.1644 1.0000
151801 299 299 0 0.1639 1.0000
151801 300 300 0 0.1633 1.0000
151801 301 301 0 0.1628 1.0000
151801 302 302 0 0.1623 1.0000
151801 303 303 0 0.1617 1.0000
151801 304 304 0 0.1612 1.0000
151801 305 305 0 0.1607 1.0000
151801 306 306 0 0.1601 1.0000
151801 307 307 0 0.1596 1.0000
151801 308 308 0 0.1591 1.0000
151801 309 309 0 0.1586 1.0000
151801 310 310 0 0.1581 1.0000
151801 311 311 0 0.1576 1.0000
151801 312 312 0 0.1571 1.0000
151801 313 313 0 0.1565 1.0000
151801 314 314 0 0.1561 1.0000
151801 315 315 0 0.1556 1.0000
151801 316 316 0 0.1551 1.0000
151801 317 317 0 0.1546 1.0000
151801 318 318 0 0.1541 1.0000
151801 319 319 0 0.1536 1.0000
151801 320 320 0 0.1531 1.0000
151801 321 321 0 0.1526 1.0000
151801 322 322 0 0.1522 1.0000
151801 323 323 0 0.1517 1.0000
151801 324 324 0 0.1512 1.0000
151801 325 325 0 0.1508 1.0000
151801 326 326 0 0.1503 1.0000
151801 327 327 0 0.1498 1.0000
151801 328 328 0 0.1494 1.0000
151801 329 329 0 0.1489 1.0000
151801 330 330 0 0.1485 1.0000
151801 331 331 0 0.1480 1.0000
151801 332 332 0 0.1476 1.0000
151801 333 333 0 0.1471 1.0000
151801 334 334 0 0.1467 1.0000
151801 335 335 0 0.1463 1.0000
151801 336 336 0 0.1458 1.0000
151801 337 337 0 0.1454 1.0000
151801 338 338 0 0.1450 1.0000
151801 339 339 0 0.1445 1.0000
151801 340 340 0 0.1441 1.0000
151801 341 341 0 0.1437 1.0000
151801 342 342 0 0.1433 1.0000
151801 343 343 0 0.1429 1.0000
151801 344 344 0 0.1424 1.0000
151801 345 345 0 0.1420 1.0000
151801 346 346 0 0.1416 1.0000
151801 347 347 0 0.1412 1.0000
151801 348 348 0 0.1408 1.0000
151801 349 349 0 0.1404 1.0000
151801 350 350 0 0.1400 1.0000
151801 351 351 0 0.1396 1.0000
151801 352 352 0 0.1392 1.0000
151801 353 353 0 0.1388 1.0000
151801 354 354 0 0.1384 1.0000
151801 355 355 0 0.1380 1.0000
151801 356 356 0 0.1376 1.0000
151801 357 357 0 0.1373 1.0000
151801 358 358 0 0.1369 1.0000
151801 359 359 0 0.1365 1.0000
151801 360 360 0 0.1361 1.0000
151801 361 361 0 0.1357 1.0000
151801 362 362 0 0.1354 1.0000
151801 363 363 0 0.1350 1.0000
151801 364 364 0 0.1346 1.0000
151801 365 365 0 0.1342 1.0000
151801 366 366 0 0.1339 1.0000
151801 367 367 0 0.1335 1.0000
151801 368 368 0 0.1332 1.0000
151801 369 369 0 0.1328 1.0000
151801 370 370 0 0.1324 1.0000
151801 371 371 0 0.1321 1.0000
151801 372 372 0 0.1317 1.0000
151801 373 373 0 0.1314 1.0000
151801 374 374 0 0.1310 1.0000
151801 375 375 0 0.1307 1.0000
151801 376 376 0 0.1303 1.0000
151801 377 377 0 0.1300 1.0000
151801 378 378 0 0.1296 1.0000
151801 379 379 0 0.1293 1.0000
151801 380 380 0 0.1289 1.0000
151801 381 381 0 0.1286 1.0000
151801 382 382 0 0.1283 1.0000
151801 383 383 0 0.1279 1.0000
151801 384 384 0 0.1276 1.0000
151801 385 385 0 0.1273 1.0000
151801 386 386 0 0.1269 1.0000
151801 387 387 0 0.1266 1.0000
151801 388 388 0 0.1263 1.0000
151801 389 389 0 0.1260 1.0000
151801 390 390 0 0.1256 1.0000
151801 391 391 0 0.1253 1.0000
151801 392 392 0 0.1250 1.0000
151801 393 393 0 0.1247 1.0000
151801 394 394 0 0.1244 1.0000
151801 395 395 0 0.1241 1.0000
151801 396 396 0 0.1237 1.0000
151801 397 397 0 0.1234 1.0000
151801 398 398 0 0.1231 1.0000
151801 399 399 0 0.1228 1.0000
151801 400 400 0 0.1225 1.0000
151801 401 401 0 0.1222 1.0000
151801 402 402 0 0.1219 1.0000
151801 403 403 0 0.1216 1.0000
151801 404 404 0 0.1213 1.0000
151801 405 405 0 0.1210 1.0000
151801 406 406 0 0.1207 1.0000
151801 407 407 0 0.1204 1.0000
151801 408 408 0 0.1201 1.0000
151801 409 409 0 0.1198 1.0000
151801 410 410 0 0.1195 1.0000
151801 411 411 0 0.1192 1.0000
151801 412 412 0 0.1189 1.0000
151801 413 413 0 0.1186 1.0000
151801 414 414 0 0.1184 1.0000
151801 415 415 0 0.1181 1.0000
151801 416 416 0 0.1178 1.0000
151801 417 417 0 0.1175 1.0000
151801 418 418 0 0.1172 1.0000
151801 419 419 0 0.1169 1.0000
151801 420 420 0 0.1167 1.0000
151801 421 421 0 0.1164 1.0000
151801 422 422 0 0.1161 1.0000
151801 423 423 0 0.1158 1.0000
151801 424 424 0 0.1156 1.0000
151801 425 425 0 0.1153 1.0000
151801 426 426 0 0.1150 1.0000
151801 427 427 0 0.1148 1.0000
151801 428 428 0 0.1145 1.0000
151801 429 429 0 0.1142 1.0000
151801 430 430 0 0.1140 1.0000
151801 431 431 0 0.1137 1.0000
151801 432 432 0 0.1134 1.0000
151801 433 433 0 0.1132 1.0000
151801 434 434 0 0.1129 1.0000
151801 435 435 0 0.1126 1.0000
151801 436 436 0 0.1124 1.0000
151801 437 437 0 0.1121 1.0000
151801 438 438 0 0.1119 1.0000
151801 439 439 0 0.1116 1.0000
151801 440 440 0 0.1114 1.0000
151801 441 441 0 0.1111 1.0000
151801 442 442 0 0.1109 1.0000
151801 443 443 0 0.1106 1.0000
151801 444 444 0 0.1104 1.0000
151801 445 445 0 0.1101 1.0000
151801 446 446 0 0.1099 1.0000
151801 447 447 0 0.1096 1.0000
151801 448 448 0 0.1094 1.0000
151801 449 449 0 0.1091 1.0000
151801 450 450 0 0.1089 1.0000
151801 451 451 0 0.1086 1.0000
151801 452 452 0 0.1084 1.0000
151801 453 453 0 0.1082 1.0000
151801 454 454 0 0.1079 1.0000
151801 455 455 0 0.1077 1.0000
151801 456 456 0 0.1075 1.0000
151801 457 457 0 0.1072 1.0000
151801 458 458 0 0.1070 1.0000
151801 459 459 0 0.1068 1.0000
151801 460 460 0 0.1065 1.0000
151801 461 461 0 0.1063 1.0000
151801 462 462 0 0.1061 1.0000
151801 463 463 0 0.1058 1.0000
151801 464 464 0 0.1056 1.0000
151801 465 465 0 0.1054 1.0000
151801 466 466 0 0.1052 1.0000
151801 467 467 0 0.1049 1.0000
151801 468 468 0 0.1047 1.0000
151801 469 469 0 0.1045 1.0000
151801 470 470 0 0.1043 1.0000
151801 471 471 0 0.1040 1.0000
151801 472 472 0 0.1038 1.0000
151801 473 473 0 0.1036 1.0000
151801 474 474 0 0.1034 1.0000
151801 475 475 0 0.1032 1.0000
151801 476 476 0 0.1029 1.0000
151801 477 477 0 0.1027 1.0000
151801 478 478 0 0.1025 1.0000
151801 479 479 0 0.1023 1.0000
151801 480 480 0 0.1021 1.0000
151801 481 481 0 0.1019 1.0000
151801 482 482 0 0.1017 1.0000
151801 483 483 0 0.1014 1.0000
151801 484 484 0 0.1012 1.0000
151801 485 485 0 0.1010 1.0000
151801 486 486 0 0.1008 1.0000
151801 487 487 0 0.1006 1.0000
151801 488 488 0 0.1004 1.0000
151801 489 489 0 0.1002 1.0000
151801 490 490 0 0.1000 1.0000
151801 491 491 0 0.0998 1.0000
151801 492 492 0 0.0996 1.0000
151801 493 493 0 0.0994 1.0000
151801 494 494 0 0.0992 1.0000
151801 495 495 0 0.0990 1.0000
151801 496 496 0 0.0988 1.0000
151801 497 497 0 0.0986 1.0000
151801 498 498 0 0.0984 1.0000
151801 499 499 0 0.0982 1.0000
151801 500 500 0 0.0980 1.0000
151801 501 501 0 0.0978 1.0000
151801 502 502 0 0.0976 1.0000
151801 503 503 0 0.0974 1.0000
151801 504 504 0 0.0972 1.0000
151801 505 505 0 0.0970 1.0000
151801 506 506 0 0.0968 1.0000
151801 507 507 0 0.0966 1.0000
151801 508 508 0 0.0965 1.0000
151801 509 509 0 0.0963 1.0000
151801 510 510 0 0.0961 1.0000
151801 511 511 0 0.0959 1.0000
151801 512 512 0 0.0957 1.0000
151801 513 513 0 0.0955 1.0000
151801 514 514 0 0.0953 1.0000
151801 515 515 0 0.0951 1.0000
151801 516 516 0 0.0950 1.0000
151801 517 517 0 0.0948 1.0000
151801 518 518 0 0.0946 1.0000
151801 519 519 0 0.0944 1.0000
151801 520 520 0 0.0942 1.0000
151801 521 521 0 0.0940 1.0000
151801 522 522 0 0.0939 1.0000
151801 523 523 0 0.0937 1.0000
151801 524 524 0 0.0935 1.0000
151801 525 525 0 0.0933 1.0000
151801 526 526 0 0.0932 1.0000
151801 527 527 0 0.0930 1.0000
151801 528 528 0 0.0928 1.0000
151801 529 529 0 0.0926 1.0000
151801 530 530 0 0.0925 1.0000
151801 531 531 0 0.0923 1.0000
151801 532 532 0 0.0921 1.0000
151801 533 533 0 0.0919 1.0000
151801 534 534 0 0.0918 1.0000
151801 535 535 0 0.0916 1.0000
151801 536 536 0 0.0914 1.0000
151801 537 537 0 0.0912 1.0000
151801 538 538 0 0.0911 1.0000
151801 539 539 0 0.0909 1.0000
151801 540 540 0 0.0907 1.0000
151801 541 541 0 0.0906 1.0000
151801 542 542 0 0.0904 1.0000
151801 543 543 0 0.0902 1.0000
151801 544 544 0 0.0901 1.0000
151801 545 545 0 0.0899 1.0000
151801 546 546 0 0.0897 1.0000
151801 547 547 0 0.0896 1.0000
151801 548 548 0 0.0894 1.0000
151801 549 549 0 0.0893 1.0000
151801 550 550 0 0.0891 1.0000
151801 551 551 0 0.0889 1.0000
151801 552 552 0 0.0888 1.0000
151801 553 553 0 0.0886 1.0000
151801 554 554 0 0.0884 1.0000
151801 555 555 0 0.0883 1.0000
151801 556 556 0 0.0881 1.0000
151801 557 557 0 0.0880 1.0000
151801 558 558 0 0.0878 1.0000
151801 559 559 0 0.0877 1.0000
151801 560 560 0 0.0875 1.0000
151801 561 561 0 0.0873 1.0000
151801 562 562 0 0.0872 1.0000
151801 563 563 0 0.0870 1.0000
151801 564 564 0 0.0869 1.0000
151801 565 565 0 0.0867 1.0000
151801 566 566 0 0.0866 1.0000
151801 567 567 0 0.0864 1.0000
151801 568 568 0 0.0863 1.0000
151801 569 569 0 0.0861 1.0000
151801 570 570 0 0.0860 1.0000
151801 571 571 0 0.0858 1.0000
151801 572 572 0 0.0857 1.0000
151801 573 573 0 0.0855 1.0000
151801 574 574 0 0.0854 1.0000
151801 575 575 0 0.0852 1.0000
151801 576 576 0 0.0851 1.0000
151801 577 577 0 0.0849 1.0000
151801 578 578 0 0.0848 1.0000
151801 579 579 0 0.0846 1.0000
151801 580 580 0 0.0845 1.0000
151801 581 581 0 0.0843 1.0000
151801 582 582 0 0.0842 1.0000
151801 583 583 0 0.0840 1.0000
151801 584 584 0 0.0839 1.0000
151801 585 585 0 0.0838 1.0000
151801 586 586 0 0.0836 1.0000
151801 587 587 0 0.0835 1.0000
151801 588 588 0 0.0833 1.0000
151801 589 589 0 0.0832 1.0000
151801 590 590 0 0.0831 1.0000
151801 591 591 0 0.0829 1.0000
151801 592 592 0 0.0828 1.0000
151801 593 593 0 0.0826 1.0000
151801 594 594 0 0.0825 1.0000
151801 595 595 0 0.0824 1.0000
151801 596 596 0 0.0822 1.0000
151801 597 597 0 0.0821 1.0000
151801 598 598 0 0.0819 1.0000
151801 599 599 0 0.0818 1.0000
151801 600 600 0 0.0817 1.0000
151801 601 601 0 0.0815 1.0000
151801 602 602 0 0.0814 1.0000
151801 603 603 0 0.0813 1.0000
151801 604 604 0 0.0811 1.0000
151801 605 605 0 0.0810 1.0000
151801 606 606 0 0.0809 1.0000
151801 607 607 0 0.0807 1.0000
151801 608 608 0 0.0806 1.0000
151801 609 609 0 0.0805 1.0000
151801 610 610 0 0.0803 1.0000
151801 611 611 0 0.0802 1.0000
151801 612 612 0 0.0801 1.0000
151801 613 613 0 0.0799 1.0000
151801 614 614 0 0.0798 1.0000
151801 615 615 0 0.0797 1.0000
151801 616 616 0 0.0795 1.0000
151801 617 617 0 0.0794 1.0000
151801 618 618 0 0.0793 1.0000
151801 619 619 0 0.0792 1.0000
151801 620 620 0 0.0790 1.0000
151801 621 621 0 0.0789 1.0000
151801 622 622 0 0.0788 1.0000
151801 623 623 0 0.0787 1.0000
151801 624 624 0 0.0785 1.0000
151801 625 625 0 0.0784 1.0000
151801 626 626 0 0.0783 1.0000
151801 627 627 0 0.0781 1.0000
151801 628 628 0 0.0780 1.0000
151801 629 629 0 0.0779 1.0000
151801 630 630 0 0.0778 1.0000
151801 631 631 0 0.0777 1.0000
151801 632 632 0 0.0775 1.0000
151801 633 633 0 0.0774 1.0000
151801 634 634 0 0.0773 1.0000
151801 635 635 0 0.0772 1.0000
151801 636 636 0 0.0770 1.0000
151801 637 637 0 0.0769 1.0000
151801 638 638 0 0.0768 1.0000
151801 639 639 0 0.0767 1.0000
151801 640 640 0 0.0766 1.0000
151801 641 641 0 0.0764 1.0000
151801 642 642 0 0.0763 1.0000
151801 643 643 0 0.0762 1.0000
151801 644 644 0 0.0761 1.0000
151801 645 645 0 0.0760 1.0000
151801 646 646 0 0.0759 1.0000
151801 647 647 0 0.0757 1.0000
151801 648 648 0 0.0756 1.0000
151801 649 649 0 0.0755 1.0000
151801 650 650 0 0.0754 1.0000
151801 651 651 0 0.0753 1.0000
151801 652 652 0 0.0752 1.0000
151801 653 653 0 0.0750 1.0000
151801 654 654 0 0.0749 1.0000
151801 655 655 0 0.0748 1.0000
151801 656 656 0 0.0747 1.0000
151801 657 657 0 0.0746 1.0000
151801 658 658 0 0.0745 1.0000
151801 659 659 0 0.0744 1.0000
151801 660 660 0 0.0742 1.0000
151801 661 661 0 0.0741 1.0000
151801 662 662 0 0.0740 1.0000
151801 663 663 0 0.0739 1.0000
151801 664 664 0 0.0738 1.0000
151801 665 665 0 0.0737 1.0000
151801 666 666 0 0.0736 1.0000
151801 667 667 0 0.0735 1.0000
151801 668 668 0 0.0734 1.0000
151801 669 669 0 0.0732 1.0000
151801 670 670 0 0.0731 1.0000
151801 671 671 0 0.0730 1.0000
151801 672 672 0 0.0729 1.0000
151801 673 673 0 0.0728 1.0000
151801 674 674 0 0.0727 1.0000
151801 675 675 0 0.0726 1.0000
151801 676 676 0 0.0725 1.0000
151801 677 677 0 0.0724 1.0000
151801 678 678 0 0.0723 1.0000
151801 679 679 0 0.0722 1.0000
151801 680 680 0 0.0721 1.0000
151801 681 681 0 0.0720 1.0000
151801 682 682 0 0.0718 1.0000
151801 683 683 0 0.0717 1.0000
151801 684 684 0 0.0716 1.0000
151801 685 685 0 0.0715 1.0000
151801 686 686 0 0.0714 1.0000
151801 687 687 0 0.0713 1.0000
151801 688 688 0 0.0712 1.0000
151801 689 689 0 0.0711 1.0000
151801 690 690 0 0.0710 1.0000
151801 691 691 0 0.0709 1.0000
151801 692 692 0 0.0708 1.0000
151801 693 693 0 0.0707 1.0000
151801 694 694 0 0.0706 1.0000
151801 695 695 0 0.0705 1.0000
151801 696 696 0 0.0704 1.0000
151801 697 697 0 0.0703 1.0000
151801 698 698 0 0.0702 1.0000
151801 699 699 0 0.0701 1.0000
151801 700 700 0 0.0700 1.0000
151801 701 701 0 0.0699 1.0000
151801 702 702 0 0.0698 1.0000
151801 703 703 0 0.0697 1.0000
151801 704 704 0 0.0696 1.0000
151801 705 705 0 0.0695 1.0000
151801 706 706 0 0.0694 1.0000
151801 707 707 0 0.0693 1.0000
151801 708 708 0 0.0692 1.0000
151801 709 709 0 0.0691 1.0000
151801 710 710 0 0.0690 1.0000
151801 711 711 0 0.0689 1.0000
151801 712 712 0 0.0688 1.0000
151801 713 713 0 0.0687 1.0000
151801 714 714 0 0.0686 1.0000
151801 715 715 0 0.0685 1.0000
151801 716 716 0 0.0684 1.0000
151801 717 717 0 0.0683 1.0000
151801 718 718 0 0.0682 1.0000
151801 719 719 0 0.0682 1.0000
151801 720 720 0 0.0681 1.0000
151801 721 721 0 0.0680 1.0000
151801 722 722 0 0.0679 1.0000
151801 723 723 0 0.0678 1.0000
151801 724 724 0 0.0677 1.0000
151801 725 725 0 0.0676 1.0000
151801 726 726 0 0.0675 1.0000
151801 727 727 0 0.0674 1.0000
151801 728 728 0 0.0673 1.0000
151801 729 729 0 0.0672 1.0000
151801 730 730 0 0.0671 1.0000
151801 731 731 0 0.0670 1.0000
151801 732 732 0 0.0669 1.0000
151801 733 733 0 0.0668 1.0000
151801 734 734 0 0.0668 1.0000
151801 735 735 0 0.0667 1.0000
151801 736 736 0 0.0666 1.0000
151801 737 737 0 0.0665 1.0000
151801 738 738 0 0.0664 1.0000
151801 739 739 0 0.0663 1.0000
151801 740 740 0 0.0662 1.0000
151801 741 741 0 0.0661 1.0000
151801 742 742 0 0.0660 1.0000
151801 743 743 0 0.0659 1.0000
151801 744 744 0 0.0659 1.0000
151801 745 745 0 0.0658 1.0000
151801 746 746 0 0.0657 1.0000
151801 747 747 0 0.0656 1.0000
151801 748 748 0 0.0655 1.0000
151801 749 749 0 0.0654 1.0000
151801 750 750 0 0.0653 1.0000
151801 751 751 0 0.0652 1.0000
151801 752 752 0 0.0652 1.0000
151801 753 753 0 0.0651 1.0000
151801 754 754 0 0.0650 1.0000
151801 755 755 0 0.0649 1.0000
151801 756 756 0 0.0648 1.0000
151801 757 757 0 0.0647 1.0000
151801 758 758 0 0.0646 1.0000
151801 759 759 0 0.0646 1.0000
151801 760 760 0 0.0645 1.0000
151801 761 761 0 0.0644 1.0000
151801 762 762 0 0.0643 1.0000
151801 763 763 0 0.0642 1.0000
151801 764 764 0 0.0641 1.0000
151801 765 765 0 0.0641 1.0000
151801 766 766 0 0.0640 1.0000
151801 767 767 0 0.0639 1.0000
151801 768 768 0 0.0638 1.0000
151801 769 769 0 0.0637 1.0000
151801 770 770 0 0.0636 1.0000
151801 771 771 0 0.0636 1.0000
151801 772 772 0 0.0635 1.0000
151801 773 773 0 0.0634 1.0000
151801 774 774 0 0.0633 1.0000
151801 775 775 0 0.0632 1.0000
151801 776 776 0 0.0631 1.0000
151801 777 777 0 0.0631 1.0000
151801 778 778 0 0.0630 1.0000
151801 779 779 0 0.0629 1.0000
151801 780 780 0 0.0628 1.0000
151801 781 781 0 0.0627 1.0000
151801 782 782 0 0.0627 1.0000
151801 783 783 0 0.0626 1.0000
151801 784 784 0 0.0625 1.0000
151801 785 785 0 0.0624 1.0000
151801 786 786 0 0.0623 1.0000
151801 787 787 0 0.0623 1.0000
151801 788 788 0 0.0622 1.0000
151801 789 789 0 0.0621 1.0000
151801 790 790 0 0.0620 1.0000
151801 791 791 0 0.0619 1.0000
151801 792 792 0 0.0619 1.0000
151801 793 793 0 0.0618 1.0000
151801 794 794 0 0.0617 1.0000
151801 795 795 0 0.0616 1.0000
151801 796 796 0 0.0616 1.0000
151801 797 797 0 0.0615 1.0000
151801 798 798 0 0.0614 1.0000
151801 799 799 0 0.0613 1.0000
151801 800 800 0 0.0612 1.0000
151801 801 801 0 0.0612 1.0000
151801 802 802 0 0.0611 1.0000
151801 803 803 0 0.0610 1.0000
151801 804 804 0 0.0609 1.0000
151801 805 805 0 0.0609 1.0000
151801 806 806 0 0.0608 1.0000
151801 807 807 0 0.0607 1.0000
151801 808 808 0 0.0606 1.0000
151801 809 809 0 0.0606 1.0000
151801 810 810 0 0.0605 1.0000
151801 811 811 0 0.0604 1.0000
151801 812 812 0 0.0603 1.0000
151801 813 813 0 0.0603 1.0000
151801 814 814 0 0.0602 1.0000
151801 815 815 0 0.0601 1.0000
151801 816 816 0 0.0600 1.0000
151801 817 817 0 0.0600 1.0000
151801 818 818 0 0.0599 1.0000
151801 819 819 0 0.0598 1.0000
151801 820 820 0 0.0598 1.0000
151801 821 821 0 0.0597 1.0000
151801 822 822 0 0.0596 1.0000
151801 823 823 0 0.0595 1.0000
151801 824 824 0 0.0595 1.0000
151801 825 825 0 0.0594 1.0000
151801 826 826 0 0.0593 1.0000
151801 827 827 0 0.0593 1.0000
151801 828 828 0 0.0592 1.0000
151801 829 829 0 0.0591 1.0000
151801 830 830 0 0.0590 1.0000
151801 831 831 0 0.0590 1.0000
151801 832 832 0 0.0589 1.0000
151801 833 833 0 0.0588 1.0000
151801 834 834 0 0.0588 1.0000
151801 835 835 0 0.0587 1.0000
151801 836 836 0 0.0586 1.0000
151801 837 837 0 0.0585 1.0000
151801 838 838 0 0.0585 1.0000
151801 839 839 0 0.0584 1.0000
151801 840 840 0 0.0583 1.0000
151801 841 841 0 0.0583 1.0000
151801 842 842 0 0.0582 1.0000
151801 843 843 0 0.0581 1.0000
151801 844 844 0 0.0581 1.0000
151801 845 845 0 0.0580 1.0000
151801 846 846 0 0.0579 1.0000
151801 847 847 0 0.0579 1.0000
151801 848 848 0 0.0578 1.0000
151801 849 849 0 0.0577 1.0000
151801 850 850 0 0.0576 1.0000
151801 851 851 0 0.0576 1.0000
151801 852 852 0 0.0575 1.0000
151801 853 853 0 0.0574 1.0000
151801 854 854 0 0.0574 1.0000
151801 855 855 0 0.0573 1.0000
151801 856 856 0 0.0572 1.0000
151801 857 857 0 0.0572 1.0000
151801 858 858 0 0.0571 1.0000
151801 859 859 0 0.0570 1.0000
151801 860 860 0 0.0570 1.0000
151801 861 861 0 0.0569 1.0000
151801 862 862 0 0.0568 1.0000
151801 863 863 0 0.0568 1.0000
151801 864 864 0 0.0567 1.0000
151801 865 865 0 0.0566 1.0000
151801 866 866 0 0.0566 1.0000
151801 867 867 0 0.0565 1.0000
151801 868 868 0 0.0565 1.0000
151801 869 869 0 0.0564 1.0000
151801 870 870 0 0.0563 1.0000
151801 871 871 0 0.0563 1.0000
151801 872 872 0 0.0562 1.0000
151801 873 873 0 0.0561 1.0000
151801 874 874 0 0.0561 1.0000
151801 875 875 0 0.0560 1.0000
151801 876 876 0 0.0559 1.0000
151801 877 877 0 0.0559 1.0000
151801 878 878 0 0.0558 1.0000
151801 879 879 0 0.0557 1.0000
151801 880 880 0 0.0557 1.0000
151801 881 881 0 0.0556 1.0000
151801 882 882 0 0.0556 1.0000
151801 883 883 0 0.0555 1.0000
151801 884 884 0 0.0554 1.0000
151801 885 885 0 0.0554 1.0000
151801 886 886 0 0.0553 1.0000
151801 887 887 0 0.0552 1.0000
151801 888 888 0 0.0552 1.0000
151801 889 889 0 0.0551 1.0000
151801 890 890 0 0.0551 1.0000
151801 891 891 0 0.0550 1.0000
151801 892 892 0 0.0549 1.0000
151801 893 893 0 0.0549 1.0000
151801 894 894 0 0.0548 1.0000
151801 895 895 0 0.0547 1.0000
151801 896 896 0 0.0547 1.0000
151801 897 897 0 0.0546 1.0000
151801 898 898 0 0.0546 1.0000
151801 899 899 0 0.0545 1.0000
151801 900 900 0 0.0544 1.0000
151801 901 901 0 0.0544 1.0000
151801 902 902 0 0.0543 1.0000
151801 903 903 0 0.0543 1.0000
151801 904 904 0 0.0542 1.0000
151801 905 905 0 0.0541 1.0000
151801 906 906 0 0.0541 1.0000
151801 907 907 0 0.0540 1.0000
151801 908 908 0 0.0540 1.0000
151801 909 909 0 0.0539 1.0000
151801 910 910 0 0.0538 1.0000
151801 911 911 0 0.0538 1.0000
151801 912 912 0 0.0537 1.0000
151801 913 913 0 0.0537 1.0000
151801 914 914 0 0.0536 1.0000
151801 915 915 0 0.0536 1.0000
151801 916 916 0 0.0535 1.0000
151801 917 917 0 0.0534 1.0000
151801 918 918 0 0.0534 1.0000
151801 919 919 0 0.0533 1.0000
151801 920 920 0 0.0533 1.0000
151801 921 921 0 0.0532 1.0000
151801 922 922 0 0.0531 1.0000
151801 923 923 0 0.0531 1.0000
151801 924 924 0 0.0530 1.0000
151801 925 925 0 0.0530 1.0000
151801 926 926 0 0.0529 1.0000
151801 927 927 0 0.0529 1.0000
151801 928 928 0 0.0528 1.0000
151801 929 929 0 0.0527 1.0000
151801 930 930 0 0.0527 1.0000
151801 931 931 0 0.0526 1.0000
151801 932 932 0 0.0526 1.0000
151801 933 933 0 0.0525 1.0000
151801 934 934 0 0.0525 1.0000
151801 935 935 0 0.0524 1.0000
151801 936 936 0 0.0524 1.0000
151801 937 937 0 0.0523 1.0000
151801 938 938 0 0.0522 1.0000
151801 939 939 0 0.0522 1.0000
151801 940 940 0 0.0521 1.0000
151801 941 941 0 0.0521 1.0000
151801 942 942 0 0.0520 1.0000
151801 943 943 0 0.0520 1.0000
151801 944 944 0 0.0519 1.0000
151801 945 945 0 0.0519 1.0000
151801 946 946 0 0.0518 1.0000
151801 947 947 0 0.0517 1.0000
151801 948 948 0 0.0517 1.0000
151801 949 949 0 0.0516 1.0000
151801 950 950 0 0.0516 1.0000
151801 951 951 0 0.0515 1.0000
151801 952 952 0 0.0515 1.0000
151801 953 953 0 0.0514 1.0000
151801 954 954 0 0.0514 1.0000
151801 955 955 0 0.0513 1.0000
151801 956 956 0 0.0513 1.0000
151801 957 957 0 0.0512 1.0000
151801 958 958 0 0.0511 1.0000
151801 959 959 0 0.0511 1.0000
151801 960 960 0 0.0510 1.0000
151801 961 961 0 0.0510 1.0000
151801 962 962 0 0.0509 1.0000
151801 963 963 0 0.0509 1.0000
151801 964 964 0 0.0508 1.0000
151801 965 965 0 0.0508 1.0000
151801 966 966 0 0.0507 1.0000
151801 967 967 0 0.0507 1.0000
151801 968 968 0 0.0506 1.0000
151801 969 969 0 0.0506 1.0000
151801 970 970 0 0.0505 1.0000
151801 971 971 0 0.0505 1.0000
151801 972 972 0 0.0504 1.0000
151801 973 973 0 0.0504 1.0000
151801 974 974 0 0.0503 1.0000
151801 975 975 0 0.0503 1.0000
151801 976 976 0 0.0502 1.0000
151801 977 977 0 0.0502 1.0000
151801 978 978 0 0.0501 1.0000
151801 979 979 0 0.0501 1.0000
151801 980 980 0 0.0500 1.0000
151801 981 981 0 0.0499 1.0000
151801 982 982 0 0.0499 1.0000
151801 983 983 0 0.0498 1.0000
151801 984 984 0 0.0498 1.0000
151801 985 985 0 0.0497 1.0000
151801 986 986 0 0.0497 1.0000
151801 987 987 0 0.0496 1.0000
151801 988 988 0 0.0496 1.0000
151801 989 989 0 0.0495 1.0000
151801 990 990 0 0.0495 1.0000
151801 991 991 0 0.0494 1.0000
151801 992 992 0 0.0494 1.0000
151801 993 993 0 0.0493 1.0000
151801 994 994 0 0.0493 1.0000
151801 995 995 0 0.0492 1.0000
151801 996 996 0 0.0492 1.0000
151801 997 997 0 0.0491 1.0000
151801 998 998 0 0.0491 1.0000
151801 999 999 0 0.0490 1.0000
151801 1000 1000 0 0.0490 1.0000
151802 1 1 1 1.0000 0.0200
151802 2 2 1 1.0000 0.0400
151802 3 3 1 1.0000 0.0600
151802 4 4 1 1.0000 0.0800
151802 5 5 1 1.0000 0.1000
151802 6 6 1 1.0000 0.1200
151802 7 7 1 1.0000 0.1400
151802 8 8 1 1.0000 0.1600
151802 9 9 1 1.0000 0.1800
151802 10 10 1 1.0000 0.2000
151802 11 11 1 1.0000 0.2200
151802 12 12 1 1.0000 0.2400
151802 13 13 1 1.0000 0.2600
151802 14 14 1 1.0000 0.2800
151802 15 15 1 1.0000 0.3000
151802 16 16 1 1.0000 0.3200
151802 17 17 1 1.0000 0.3400
151802 18 18 1 1.0000 0.3600
151802 19 19 1 1.0000 0.3800
151802 20 20 1 1.0000 0.4000
151802 21 21 1 1.0000 0.4200
151802 22 22 1 1.0000 0.4400
151802 23 23 1 1.0000 0.4600
151802 24 24 1 1.0000 0.4800
151802 25 25 1 1.0000 0.5000
151802 26 26 1 1.0000 0.5200
151802 27 27 1 1.0000 0.5400
151802 28 28 1 1.0000 0.5600
151802 29 29 1 1.0000 0.5800
151802 30 30 1 1.0000 0.6000
151802 31 31 1 1.0000 0.6200
151802 32 32 1 1.0000 0.6400
151802 33 33 1 1.0000 0.6600
151802 34 34 1 1.0000 0.6800
151802 35 35 1 1.0000 0.7000
151802 36 36 1 1.0000 0.7200
151802 37 37 1 1.0000 0.7400
151802 38 38 1 1.0000 0.7600
151802 39 39 1 1.0000 0.7800
151802 40 40 1 1.0000 0.8000
151802 41 41 1 1.0000 0.8200
151802 42 42 1 1.0000 0.8400
151802 43 43 1 1.0000 0.8600
151802 44 44 1 1.0000 0.8800
151802 45 45 1 1.0000 0.9000
151802 46 46 1 1.0000 0.9200
151802 47 47 1 1.0000 0.9400
151802 48 48 1 1.0000 0.9600
151802 49 49 1 1.0000 0.9800
151802 50 50 1 1.0000 1.0000
151802 51 51 0 0.9804 1.0000
151802 52 52 0 0.9615 1.0000
151802 53 53 0 0.9434 1.0000
151802 54 54 0 0.9259 1.0000
151802 55 55 0 0.9091 1.0000
151802 56 56 0 0.8929 1.0000
151802 57 57 0 0.8772 1.0000
151802 58 58 0 0.8621 1.0000
151802 59 59 0 0.8475 1.0000
151802 60 60 0 0.8333 1.0000
151802 61 61 0 0.8197 1.0000
151802 62 62 0 0.8065 1.0000
151802 63 63 0 0.7937 1.0000
151802 64 64 0 0.7812 1.0000
151802 65 65 0 0.7692 1.0000
151802 66 66 0 0.7576 1.0000
151802 67 67 0 0.7463 1.0000
151802 68 68 0 0.7353 1.0000
151802 69 69 0 0.7246 1.0000
151802 70 70 0 0.7143 1.0000
151802 71 71 0 0.7042 1.0000
151802 72 72 0 0.6944 1.0000
151802 73 73 0 0.6849 1.0000
151802 74 74 0 0.6757 1.0000
151802 75 75 0 0.6667 1.0000
151802 76 76 0 0.6579 1.0000
151802 77 77 0 0.6494 1.0000
151802 78 78 0 0.6410 1.0000
151802 79 79 0 0.6329 1.0000
151802 80 80 0 0.6250 1.0000
151802 81 81 0 0.6173 1.0000
151802 82 82 0 0.6098 1.0000
151802 83 83 0 0.6024 1.0000
151802 84 84 0 0.5952 1.0000
151802 85 85 0 0.5882 1.0000
151802 86 86 0 0.5814 1.0000
151802 87 87 0 0.5747 1.0000
151802 88 88 0 0.5682 1.0000
151802 89 89 0 0.5618 1.0000
151802 90 90 0 0.5556 1.0000
151802 91 91 0 0.5495 1.0000
151802 92 92 0 0.5435 1.0000
151802 93 93 0 0.5376 1.0000
151802 94 94 0 0.5319 1.0000
151802 95 95 0 0.5263 1.0000
151802 96 96 0 0.5208 1.0000
151802 97 97 0 0.5155 1.0000
151802 98 98 0 0.5102 1.0000
151802 99 99 0 0.5051 1.0000
151802 100 100 0 0.5000 1.0000
151802 101 101 0 0.4950 1.0000
151802 102 102 0 0.4902 1.0000
151802 103 103 0 0.4854 1.0000
151802 104 104 0 0.4808 1.0000
151802 105 105 0 0.4762 1.0000
151802 106 106 0 0.4717 1.0000
151802 107 107 0 0.4673 1.0000
151802 108 108 0 0.4630 1.0000
151802 109 109 0 0.4587 1.0000
151802 110 110 0 0.4545 1.0000
151802 111 111 0 0.4505 1.0000
151802 112 112 0 0.4464 1.0000
151802 113 113 0 0.4425 1.0000
151802 114 114 0 0.4386 1.0000
151802 115 115 0 0.4348 1.0000
151802 116 116 0 0.4310 1.0000
151802 117 117 0 0.4274 1.0000
151802 118 118 0 0.4237 1.0000
151802 119 119 0 0.4202 1.0000
151802 120 120 0 0.4167 1.0000
151802 121 121 0 0.4132 1.0000
151802 122 122 0 0.4098 1.0000
151802 123 123 0 0.4065 1.0000
151802 124 124 0 0.4032 1.0000
151802 125 125 0 0.4000 1.0000
151802 126 126 0 0.3968 1.0000
151802 127 127 0 0.3937 1.0000
151802 128 128 0 0.3906 1.0000
151802 129 129 0 0.3876 1.0000
151802 130 130 0 0.3846 1.0000
151802 131 131 0 0.3817 1.0000
151802 132 132 0 0.3788 1.0000
151802 133 133 0 0.3759 1.0000
151802 134 134 0 0.3731 1.0000
151802 135 135 0 0.3704 1.0000
151802 136 136 0 0.3676 1.0000
151802 137 137 0 0.3650 1.0000
151802 138 138 0 0.3623 1.0000
151802 139 139 0 0.3597 1.0000
151802 140 140 0 0.3571 1.0000
151802 141 141 0 0.3546 1.0000
151802 142 142 0 0.3521 1.0000
151802 143 143 0 0.3497 1.0000
151802 144 144 0 0.3472 1.0000
151802 145 145 0 0.3448 1.0000
151802 146 146 0 0.3425 1.0000
151802 147 147 0 0.3401 1.0000
151802 148 148 0 0.3378 1.0000
151802 149 149 0 0.3356 1.0000
151802 150 150 0 0.3333 1.0000
151802 151 151 0 0.3311 1.0000
151802 152 152 0 0.3289 1.0000
151802 153 153 0 0.3268 1.0000
151802 154 154 0 0.3247 1.0000
151802 155 155 0 0.3226 1.0000
151802 156 156 0 0.3205 1.0000
151802 157 157 0 0.3185 1.0000
151802 158 158 0 0.3165 1.0000
151802 159 159 0 0.3145 1.0000
151802 160 160 0 0.3125 1.0000
151802 161 161 0 0.3106 1.0000
151802 162 162 0 0.3086 1.0000
151802 163 163 0 0.3067 1.0000
151802 164 164 0 0.3049 1.0000
151802 165 165 0 0.3030 1.0000
151802 166 166 0 0.3012 1.0000
151802 167 167 0 0.2994 1.0000
151802 168 168 0 0.2976 1.0000
151802 169 169 0 0.2959 1.0000
151802 170 170 0 0.2941 1.0000
151802 171 171 0 0.2924 1.0000
151802 172 172 0 0.2907 1.0000
151802 173 173 0 0.2890 1.0000
151802 174 174 0 0.2874 1.0000
151802 175 175 0 0.2857 1.0000
151802 176 176 0 0.2841 1.0000
151802 177 177 0 0.2825 1.0000
151802 178 178 0 0.2809 1.0000
151802 179 179 0 0.2793 1.0000
151802 180 180 0 0.2778 1.0000
151802 181 181 0 0.2762 1.0000
151802 182 182 0 0.2747 1.0000
151802 183 183 0 0.2732 1.0000
151802 184 184 0 0.2717 1.0000
151802 185 185 0 0.2703 1.0000
151802 186 186 0 0.2688 1.0000
151802 187 187 0 0.2674 1.0000
151802 188 188 0 0.2660 1.0000
151802 189 189 0 0.2646 1.0000
151802 190 190 0 0.2632 1.0000
151802 191 191 0 0.2618 1.0000
151802 192 192 0 0.2604 1.0000
151802 193 193 0 0.2591 1.0000
151802 194 194 0 0.2577 1.0000
151802 195 195 0 0.2564 1.0000
151802 196 196 0 0.2551 1.0000
151802 197 197 0 0.2538 1.0000
151802 198 198 0 0.2525 1.0000
151802 199 199 0 0.2513 1.0000
151802 200 200 0 0.2500 1.0000
151802 201 201 0 0.2488 1.0000
151802 202 202 0 0.2475 1.0000
151802 203 203 0 0.2463 1.0000
151802 204 204 0 0.2451 1.0000
151802 205 205 0 0.2439 1.0000
151802 206 206 0 0.2427 1.0000
151802 207 207 0 0.2415 1.0000
151802 208 208 0 0.2404 1.0000
151802 209 209 0 0.2392 1.0000
151802 210 210 0 0.2381 1.0000
151802 211 211 0 0.2370 1.0000
151802 212 212 0 0.2358 1.0000
151802 213 213 0 0.2347 1.0000
151802 214 214 0 0.2336 1.0000
151802 215 215 0 0.2326 1.0000
151802 216 216 0 0.2315 1.0000
151802 217 217 0 0.2304 1.0000
151802 218 218 0 0.2294 1.0000
151802 219 219 0 0.2283 1.0000
151802 220 220 0 0.2273 1.0000
151802 221 221 0 0.2262 1.0000
151802 222 222 0 0.2252 1.0000
151802 223 223 0 0.2242 1.0000
151802 224 224 0 0.2232 1.0000
151802 225 225 0 0.2222 1.0000
151802 226 226 0 0.2212 1.0000
151802 227 227 0 0.2203 1.0000
151802 228 228 0 0.2193 1.0000
151802 229 229 0 0.2183 1.0000
151802 230 230 0 0.2174 1.0000
151802 231 231 0 0.2165 1.0000
151802 232 232 0 0.2155 1.0000
151802 233 233 0 0.2146 1.0000
151802 234 234 0 0.2137 1.0000
151802 235 235 0 0.2128 1.0000
151802 236 236 0 0.2119 1.0000
151802 237 237 0 0.2110 1.0000
151802 238 238 0 0.2101 1.0000
151802 239 239 0 0.2092 1.0000
151802 240 240 0 0.2083 1.0000
151802 241 241 0 0.2075 1.0000
151802 242 242 0 0.2066 1.0000
151802 243 243 0 0.2058 1.0000
151802 244 244 0 0.2049 1.0000
151802 245 245 0 0.2041 1.0000
151802 246 246 0 0.2033 1.0000
151802 247 247 0 0.2024 1.0000
151802 248 248 0 0.2016 1.0000
151802 249 249 0 0.2008 1.0000
151802 250 250 0 0.2000 1.0000
151802 251 251 0 0.1992 1.0000
151802 252 252 0 0.1984 1.0000
151802 253 253 0 0.1976 1.0000
151802 254 254 0 0.1969 1.0000
151802 255 255 0 0.1961 1.0000
151802 256 256 0 0.1953 1.0000
151802 257 257 0 0.1946 1.0000
151802 258 258 0 0.1938 1.0000
151802 259 259 0 0.1931 1.0000
151802 260 260 0 0.1923 1.0000
151802 261 261 0 0.1916 1.0000
151802 262 262 0 0.1908 1.0000
151802 263 263 0 0.1901 1.0000
151802 264 264 0 0.1894 1.0000
151802 265 265 0 0.1887 1.0000
151802 266 266 0 0.1880 1.0000
151802 267 267 0 0.1873 1.0000
151802 268 268 0 0.1866 1.0000
151802 269 269 0 0.1859 1.0000
151802 270 270 0 0.1852 1.0000
151802 271 271 0 0.1845 1.0000
151802 272 272 0 0.1838 1.0000
151802 273 273 0 0.1832 1.0000
151802 274 274 0 0.1825 1.0000
151802 275 275 0 0.1818 1.0000
151802 276 276 0 0.1812 1.0000
151802 277 277 0 0.1805 1.0000
151802 278 278 0 0.1799 1.0000
151802 279 279 0 0.1792 1.0000
151802 280 280 0 0.1786 1.0000
151802 281 281 0 0.1779 1.0000
151802 282 282 0 0.1773 1.0000
151802 283 283 0 0.1767 1.0000
151802 284 284 0 0.1761 1.0000
151802 285 285 0 0.1754 1.0000
151802 286 286 0 0.1748 1.0000
151802 287 287 0 0.1742 1.0000
151802 288 288 0 0.1736 1.0000
151802 289 289 0 0.1730 1.0000
151802 290 290 0 0.1724 1.0000
151802 291 291 0 0.1718 1.0000
151802 292 292 0 0.1712 1.0000
151802 293 293 0 0.1706 1.0000
151802 294 294 0 0.1701 1.0000
151802 295 295 0 0.1695 1.0000
151802 296 296 0 0.1689 1.0000
151802 297 297 0 0.1684 1.0000
151802 298 298 0 0.1678 1.0000
151802 299 299 0 0.1672 1.0000
151802 300 300 0 0.1667 1.0000
151802 301 301 0 0.1661 1.0000
151802 302 302 0 0.1656 1.0000
151802 303 303 0 0.1650 1.0000
151802 304 304 0 0.1645 1.0000
151802 305 305 0 0.1639 1.0000
151802 306 306 0 0.1634 1.0000
151802 307 307 0 0.1629 1.0000
151802 308 308 0 0.1623 1.0000
151802 309 309 0 0.1618 1.0000
151802 310 310 0 0.1613 1.0000
151802 311 311 0 0.1608 1.0000
151802 312 312 0 0.1603 1.0000
151802 313 313 0 0.1597 1.0000
151802 314 314 0 0.1592 1.0000
151802 315 315 0 0.1587 1.0000
151802 316 316 0 0.1582 1.0000
151802 317 317 0 0.1577 1.0000
151802 318 318 0 0.1572 1.0000
151802 319 319 0 0.1567 1.0000
151802 320 320 0 0.1562 1.0000
151802 321 321 0 0.1558 1.0000
151802 322 322 0 0.1553 1.0000
151802 323 323 0 0.1548 1.0000
151802 324 324 0 0.1543 1.0000
151802 325 325 0 0.1538 1.0000
151802 326 326 0 0.1534 1.0000
151802 327 327 0 0.1529 1.0000
151802 328 328 0 0.1524 1.0000
151802 329 329 0 0.1520 1.0000
151802 330 330 0 0.1515 1.0000
151802 331 331 0 0.1511 1.0000
151802 332 332 0 0.1506 1.0000
151802 333 333 0 0.1502 1.0000
151802 334 334 0 0.1497 1.0000
151802 335 335 0 0.1493 1.0000
151802 336 336 0 0.1488 1.0000
151802 337 337 0 0.1484 1.0000
151802 338 338 0 0.1479 1.0000
151802 339 339 0 0.1475 1.0000
151802 340 340 0 0.1471 1.0000
151802 341 341 0 0.1466 1.0000
151802 342 342 0 0.1462 1.0000
151802 343 343 0 0.1458 1.0000
151802 344 344 0 0.1453 1.0000
151802 345 345 0 0.1449 1.0000
151802 346 346 0 0.1445 1.0000
151802 347 347 0 0.1441 1.0000
151802 348 348 0 0.1437 1.0000
151802 349 349 0 0.1433 1.0000
151802 350 350 0 0.1429 1.0000
151802 351 351 0 0.1425 1.0000
151802 352 352 0 0.1420 1.0000
151802 353 353 0 0.1416 1.0000
151802 354 354 0 0.1412 1.0000
151802 355 355 0 0.1408 1.0000
151802 356 356 0 0.1404 1.0000
151802 357 357 0 0.1401 1.0000
151802 358 358 0 0.1397 1.0000
151802 359 359 0 0.1393 1.0000
151802 360 360 0 0.1389 1.0000
151802 361 361 0 0.1385 1.0000
151802 362 362 0 0.1381 1.0000
151802 363 363 0 0.1377 1.0000
151802 364 364 0 0.1374 1.0000
151802 365 365 0 0.1370 1.0000
151802 366 366 0 0.1366 1.0000
151802 367 367 0 0.1362 1.0000
151802 368 368 0 0.1359 1.0000
151802 369 369 0 0.1355 1.0000
151802 370 370 0 0.1351 1.0000
151802 371 371 0 0.1348 1.0000
151802 372 372 0 0.1344 1.0000
151802 373 373 0 0.1340 1.0000
151802 374 374 0 0.1337 1.0000
151802 375 375 0 0.1333 1.0000
151802 376 376 0 0.1330 1.0000
151802 377 377 0 0.1326 1.0000
151802 378 378 0 0.1323 1.0000
151802 379 379 0 0.1319 1.0000
151802 380 380 0 0.1316 1.0000
151802 381 381 0 0.1312 1.0000
151802 382 382 0 0.1309 1.0000
151802 383 383 0 0.1305 1.0000
151802 384 384 0 0.1302 1.0000
151802 385 385 0 0.1299 1.0000
151802 386 386 0 0.1295 1.0000
151802 387 387 0 0.1292 1.0000
151802 388 388 0 0.1289 1.0000
151802 389 389 0 0.1285 1.0000
151802 390 390 0 0.1282 1.0000
151802 391 391 0 0.1279 1.0000
151802 392 392 0 0.1276 1.0000
151802 393 393 0 0.1272 1.0000
151802 394 394 0 0.1269 1.0000
151802 395 395 0 0.1266 1.0000
151802 396 396 0 0.1263 1.0000
151802 397 397 0 0.1259 1.0000
151802 398 398 0 0.1256 1.0000
151802 399 399 0 0.1253 1.0000
151802 400 400 0 0.1250 1.0000
151802 401 401 0 0.1247 1.0000
151802 402 402 0 0.1244 1.0000
151802 403 403 0 0.1241 1.0000
151802 404 404 0 0.1238 1.0000
151802 405 405 0 0.1235 1.0000
151802 406 406 0 0.1232 1.0000
151802 407 407 0 0.1229 1.0000
151802 408 408 0 0.1225 1.0000
151802 409 409 0 0.1222 1.0000
151802 410 410 0 0.1220 1.0000
151802 411 411 0 0.1217 1.0000
151802 412 412 0 0.1214 1.0000
151802 413 413 0 0.1211 1.0000
151802 414 414 0 0.1208 1.0000
151802 415 415 0 0.1205 1.0000
151802 416 416 0 0.1202 1.0000
151802 417 417 0 0.1199 1.0000
151802 418 418 0 0.1196 1.0000
151802 419 419 0 0.1193 1.0000
151802 420 420 0 0.1190 1.0000
151802 421 421 0 0.1188 1.0000
151802 422 422 0 0.1185 1.0000
151802 423 423 0 0.1182 1.0000
151802 424 424 0 0.1179 1.0000
151802 425 425 0 0.1176 1.0000
151802 426 426 0 0.1174 1.0000
151802 427 427 0 0.1171 1.0000
151802 428 428 0 0.1168 1.0000
151802 429 429 0 0.1166 1.0000
151802 430 430 0 0.1163 1.0000
151802 431 431 0 0.1160 1.0000
151802 432 432 0 0.1157 1.0000
151802 433 433 0 0.1155 1.0000
151802 434 434 0 0.1152 1.0000
151802 435 435 0 0.1149 1.0000
151802 436 436 0 0.1147 1.0000
151802 437 437 0 0.1144 1.0000
151802 438 438 0 0.1142 1.0000
151802 439 439 0 0.1139 1.0000
151802 440 440 0 0.1136 1.0000
151802 441 441 0 0.1134 1.0000
151802 442 442 0 0.1131 1.0000
151802 443 443 0 0.1129 1.0000
151802 444 444 0 0.1126 1.0000
151802 445 445 0 0.1124 1.0000
151802 446 446 0 0.1121 1.0000
151802 447 447 0 0.1119 1.0000
151802 448 448 0 0.1116 1.0000
151802 449 449 0 0.1114 1.0000
151802 450 450 0 0.1111 1.0000
151802 451 451 0 0.1109 1.0000
151802 452 452 0 0.1106 1.0000
151802 453 453 0 0.1104 1.0000
151802 454 454 0 0.1101 1.0000
151802 455 455 0 0.1099 1.0000
151802 456 456 0 0.1096 1.0000
151802 457 457 0 0.1094 1.0000
151802 458 458 0 0.1092 1.0000
151802 459 459 0 0.1089 1.0000
151802 460 460 0 0.1087 1.0000
151802 461 461 0 0.1085 1.0000
151802 462 462 0 0.1082 1.0000
151802 463 463 0 0.1080 1.0000
151802 464 464 0 0.1078 1.0000
151802 465 465 0 0.1075 1.0000
151802 466 466 0 0.1073 1.0000
151802 467 467 0 0.1071 1.0000
151802 468 468 0 0.1068 1.0000
151802 469 469 0 0.1066 1.0000
151802 470 470 0 0.1064 1.0000
151802 471 471 0 0.1062 1.0000
151802 472 472 0 0.1059 1.0000
151802 473 473 0 0.1057 1.0000
151802 474 474 0 0.1055 1.0000
151802 475 475 0 0.1053 1.0000
151802 476 476 0 0.1050 1.0000
151802 477 477 0 0.1048 1.0000
151802 478 478 0 0.1046 1.0000
151802 479 479 0 0.1044 1.0000
151802 480 480 0 0.1042 1.0000
151802 481 481 0 0.1040 1.0000
151802 482 482 0 0.1037 1.0000
151802 483 483 0 0.1035 1.0000
151802 484 484 0 0.1033 1.0000
151802 485 485 0 0.1031 1.0000
151802 486 486 0 0.1029 1.0000
151802 487 487 0 0.1027 1.0000
151802 488 488 0 0.1025 1.0000
151802 489 489 0 0.1022 1.0000
151802 490 490 0 0.1020 1.0000
151802 491 491 0 0.1018 1.0000
151802 492 492 0 0.1016 1.0000
151802 493 493 0 0.1014 1.0000
151802 494 494 0 0.1012 1.0000
151802 495 495 0 0.1010 1.0000
151802 496 496 0 0.1008 1.0000
151802 497 497 0 0.1006 1.0000
151802 498 498 0 0.1004 1.0000
151802 499 499 0 0.1002 1.0000
151802 500 500 0 0.1000 1.0000
151802 501 501 0 0.0998 1.0000
151802 502 502 0 0.0996 1.0000
151802 503 503 0 0.0994 1.0000
151802 504 504 0 0.0992 1.0000
151802 505 505 0 0.0990 1.0000
151802 506 506 0 0.0988 1.0000
151802 507 507 0 0.0986 1.0000
151802 508 508 0 0.0984 1.0000
151802 509 509 0 0.0982 1.0000
151802 510 510 0 0.0980 1.0000
151802 511 511 0 0.0978 1.0000
151802 512 512 0 0.0977 1.0000
151802 513 513 0 0.0975 1.0000
151802 514 514 0 0.0973 1.0000
151802 515 515 0 0.0971 1.0000
151802 516 516 0 0.0969 1.0000
151802 517 517 0 0.0967 1.0000
151802 518 518 0 0.0965 1.0000
151802 519 519 0 0.0963 1.0000
151802 520 520 0 0.0962 1.0000
151802 521 521 0 0.0960 1.0000
151802 522 522 0 0.0958 1.0000
151802 523 523 0 0.0956 1.0000
151802 524 524 0 0.0954 1.0000
151802 525 525 0 0.0952 1.0000
151802 526 526 0 0.0951 1.0000
151802 527 527 0 0.0949 1.0000
151802 528 528 0 0.0947 1.0000
151802 529 529 0 0.0945 1.0000
151802 530 530 0 0.0943 1.0000
151802 531 531 0 0.0942 1.0000
151802 532 532 0 0.0940 1.0000
151802 533 533 0 0.0938 1.0000
151802 534 534 0 0.0936 1.0000
151802 535 535 0 0.0935 1.0000
151802 536 536 0 0.0933 1.0000
151802 537 537 0 0.0931 1.0000
151802 538 538 0 0.0929 1.0000
151802 539 539 0 0.0928 1.0000
151802 540 540 0 0.0926 1.0000
151802 541 541 0 0.0924 1.0000
151802 542 542 0 0.0923 1.0000
151802 543 543 0 0.0921 1.0000
151802 544 544 0 0.0919 1.0000
151802 545 545 0 0.0917 1.0000
151802 546 546 0 0.0916 1.0000
151802 547 547 0 0.0914 1.0000
151802 548 548 0 0.0912 1.0000
151802 549 549 0 0.0911 1.0000
151802 550 550 0 0.0909 1.0000
151802 551 551 0 0.0907 1.0000
151802 552 552 0 0.0906 1.0000
151802 553 553 0 0.0904 1.0000
151802 554 554 0 0.0903 1.0000
151802 555 555 0 0.0901 1.0000
151802 556 556 0 0.0899 1.0000
151802 557 557 0 0.0898 1.0000
151802 558 558 0 0.0896 1.0000
151802 559 559 0 0.0894 1.0000
151802 560 560 0 0.0893 1.0000
151802 561 561 0 0.0891 1.0000
151802 562 562 0 0.0890 1.0000
151802 563 563 0 0.0888 1.0000
151802 564 564 0 0.0887 1.0000
151802 565 565 0 0.0885 1.0000
151802 566 566 0 0.0883 1.0000
151802 567 567 0 0.0882 1.0000
151802 568 568 0 0.0880 1.0000
151802 569 569 0 0.0879 1.0000
151802 570 570 0 0.0877 1.0000
151802 571 571 0 0.0876 1.0000
151802 572 572 0 0.0874 1.0000
151802 573 573 0 0.0873 1.0000
151802 574 574 0 0.0871 1.0000
151802 575 575 0 0.0870 1.0000
151802 576 576 0 0.0868 1.0000
151802 577 577 0 0.0867 1.0000
151802 578 578 0 0.0865 1.0000
151802 579 579 0 0.0864 1.0000
151802 580 580 0 0.0862 1.0000
151802 581 581 0 0.0861 1.0000
151802 582 582 0 0.0859 1.0000
151802 583 583 0 0.0858 1.0000
151802 584 584 0 0.0856 1.0000
151802 585 585 0 0.0855 1.0000
151802 586 586 0 0.0853 1.0000
151802 587 587 0 0.0852 1.0000
151802 588 588 0 0.0850 1.0000
151802 589 589 0 0.0849 1.0000
151802 590 590 0 0.0847 1.0000
151802 591 591 0 0.0846 1.0000
151802 592 592 0 0.0845 1.0000
151802 593 593 0 0.0843 1.0000
151802 594 594 0 0.0842 1.0000
151802 595 595 0 0.0840 1.0000
151802 596 596 0 0.0839 1.0000
151802 597 597 0 0.0838 1.0000
151802 598 598 0 0.0836 1.0000
151802 599 599 0 0.0835 1.0000
151802 600 600 0 0.0833 1.0000
151802 601 601 0 0.0832 1.0000
151802 602 602 0 0.0831 1.0000
151802 603 603 0 0.0829 1.0000
151802 604 604 0 0.0828 1.0000
151802 605 605 0 0.0826 1.0000
151802 606 606 0 0.0825 1.0000
151802 607 607 0 0.0824 1.0000
151802 608 608 0 0.0822 1.0000
151802 609 609 0 0.0821 1.0000
151802 610 610 0 0.0820 1.0000
151802 611 611 0 0.0818 1.0000
151802 612 612 0 0.0817 1.0000
151802 613 613 0 0.0816 1.0000
151802 614 614 0 0.0814 1.0000
151802 615 615 0 0.0813 1.0000
151802 616 616 0 0.0812 1.0000
151802 617 617 0 0.0810 1.0000
151802 618 618 0 0.0809 1.0000
151802 619 619 0 0.0808 1.0000
151802 620 620 0 0.0806 1.0000
151802 621 621 0 0.0805 1.0000
151802 622 622 0 0.0804 1.0000
151802 623 623 0 0.0803 1.0000
151802 624 624 0 0.0801 1.0000
151802 625 625 0 0.0800 1.0000
151802 626 626 0 0.0799 1.0000
151802 627 627 0 0.0797 1.0000
151802 628 628 0 0.0796 1.0000
151802 629 629 0 0.0795 1.0000
151802 630 630 0 0.0794 1.0000
151802 631 631 0 0.0792 1.0000
151802 632 632 0 0.0791 1.0000
151802 633 633 0 0.0790 1.0000
151802 634 634 0 0.0789 1.0000
151802 635 635 0 0.0787 1.0000
151802 636 636 0 0.0786 1.0000
151802 637 637 0 0.0785 1.0000
151802 638 638 0 0.0784 1.0000
151802 639 639 0 0.0782 1.0000
151802 640 640 0 0.0781 1.0000
151802 641 641 0 0.0780 1.0000
151802 642 642 0 0.0779 1.0000
151802 643 643 0 0.0778 1.0000
151802 644 644 0 0.0776 1.0000
151802 645 645 0 0.0775 1.0000
151802 646 646 0 0.0774 1.0000
151802 647 647 0 0.0773 1.0000
151802 648 648 0 0.0772 1.0000
151802 649 649 0 0.0770 1.0000
151802 650 650 0 0.0769 1.0000
151802 651 651 0 0.0768 1.0000
151802 652 652 0 0.0767 1.0000
151802 653 653 0 0.0766 1.0000
151802 654 654 0 0.0765 1.0000
151802 655 655 0 0.0763 1.0000
151802 656 656 0 0.0762 1.0000
151802 657 657 0 0.0761 1.0000
151802 658 658 0 0.0760 1.0000
151802 659 659 0 0.0759 1.0000
151802 660 660 0 0.0758 1.0000
151802 661 661 0 0.0756 1.0000
151802 662 662 0 0.0755 1.0000
151802 663 663 0 0.0754 1.0000
151802 664 664 0 0.0753 1.0000
151802 665 665 0 0.0752 1.0000
151802 666 666 0 0.0751 1.0000
151802 667 667 0 0.0750 1.0000
151802 668 668 0 0.0749 1.0000
151802 669 669 0 0.0747 1.0000
151802 670 670 0 0.0746 1.0000
151802 671 671 0 0.0745 1.0000
151802 672 672 0 0.0744 1.0000
151802 673 673 0 0.0743 1.0000
151802 674 674 0 0.0742 1.0000
151802 675 675 0 0.0741 1.0000
151802 676 676 0 0.0740 1.0000
151802 677 677 0 0.0739 1.0000
151802 678 678 0 0.0737 1.0000
151802 679 679 0 0.0736 1.0000
151802 680 680 0 0.0735 1.0000
151802 681 681 0 0.0734 1.0000
151802 682 682 0 0.0733 1.0000
151802 683 683 0 0.0732 1.0000
151802 684 684 0 0.0731 1.0000
151802 685 685 0 0.0730 1.0000
151802 686 686 0 0.0729 1.0000
151802 687 687 0 0.0728 1.0000
151802 688 688 0 0.0727 1.0000
151802 689 689 0 0.0726 1.0000
151802 690 690 0 0.0725 1.0000
151802 691 691 0 0.0724 1.0000
151802 692 692 0 0.0723 1.0000
151802 693 693 0 0.0722 1.0000
151802 694 694 0 0.0720 1.0000
151802 695 695 0 0.0719 1.0000
151802 696 696 0 0.0718 1.0000
151802 697 697 0 0.0717 1.0000
151802 698 698 0 0.0716 1.0000
151802 699 699 0 0.0715 1.0000
151802 700 700 0 0.0714 1.0000
151802 701 701 0 0.0713 1.0000
151802 702 702 0 0.0712 1.0000
151802 703 703 0 0.0711 1.0000
151802 704 704 0 0.0710 1.0000
151802 705 705 0 0.0709 1.0000
151802 706 706 0 0.0708 1.0000
151802 707 707 0 0.0707 1.0000
151802 708 708 0 0.0706 1.0000
151802 709 709 0 0.0705 1.0000
151802 710 710 0 0.0704 1.0000
151802 711 711 0 0.0703 1.0000
151802 712 712 0 0.0702 1.0000
151802 713 713 0 0.0701 1.0000
151802 714 714 0 0.0700 1.0000
151802 715 715 0 0.0699 1.0000
151802 716 716 0 0.0698 1.0000
151802 717 717 0 0.0697 1.0000
151802 718 718 0 0.0696 1.0000
151802 719 719 0 0.0695 1.0000
151802 720 720 0 0.0694 1.0000
151802 721 721 0 0.0693 1.0000
151802 722 722 0 0.0693 1.0000
151802 723 723 0 0.0692 1.0000
151802 724 724 0 0.0691 1.0000
151802 725 725 0 0.0690 1.0000
151802 726 726 0 0.0689 1.0000
151802 727 727 0 0.0688 1.0000
151802 728 728 0 0.0687 1.0000
151802 729 729 0 0.0686 1.0000
151802 730 730 0 0.0685 1.0000
151802 731 731 0 0.0684 1.0000
151802 732 732 0 0.0683 1.0000
151802 733 733 0 0.0682 1.0000
151802 734 734 0 0.0681 1.0000
151802 735 735 0 0.0680 1.0000
151802 736 736 0 0.0679 1.0000
151802 737 737 0 0.0678 1.0000
151802 738 738 0 0.0678 1.0000
151802 739 739 0 0.0677 1.0000
151802 740 740 0 0.0676 1.0000
151802 741 741 0 0.0675 1.0000
151802 742 742 0 0.0674 1.0000
151802 743 743 0 0.0673 1.0000
151802 744 744 0 0.0672 1.0000
151802 745 745 0 0.0671 1.0000
151802 746 746 0 0.0670 1.0000
151802 747 747 0 0.0669 1.0000
151802 748 748 0 0.0668 1.0000
151802 749 749 0 0.0668 1.0000
151802 750 750 0 0.0667 1.0000
151802 751 751 0 0.0666 1.0000
151802 752 752 0 0.0665 1.0000
151802 753 753 0 0.0664 1.0000
151802 754 754 0 0.0663 1.0000
151802 755 755 0 0.0662 1.0000
151802 756 756 0 0.0661 1.0000
151802 757 757 0 0.0661 1.0000
151802 758 758 0 0.0660 1.0000
151802 759 759 0 0.0659 1.0000
151802 760 760 0 0.0658 1.0000
151802 761 761 0 0.0657 1.0000
151802 762 762 0 0.0656 1.0000
151802 763 763 0 0.0655 1.0000
151802 764 764 0 0.0654 1.0000
151802 765 765 0 0.0654 1.0000
151802 766 766 0 0.0653 1.0000
151802 767 767 0 0.0652 1.0000
151802 768 768 0 0.0651 1.0000
151802 769 769 0 0.0650 1.0000
151802 770 770 0 0.0649 1.0000
151802 771 771 0 0.0649 1.0000
151802 772 772 0 0.0648 1.0000
151802 773 773 0 0.0647 1.0000
151802 774 774 0 0.0646 1.0000
151802 775 775 0 0.0645 1.0000
151802 776 776 0 0.0644 1.0000
151802 777 777 0 0.0644 1.0000
151802 778 778 0 0.0643 1.0000
151802 779 779 0 0.0642 1.0000
151802 780 780 0 0.0641 1.0000
151802 781 781 0 0.0640 1.0000
151802 782 782 0 0.0639 1.0000
151802 783 783 0 0.0639 1.0000
151802 784 784 0 0.0638 1.0000
151802 785 785 0 0.0637 1.0000
151802 786 786 0 0.0636 1.0000
151802 787 787 0 0.0635 1.0000
151802 788 788 0 0.0635 1.0000
151802 789 789 0 0.0634 1.0000
151802 790 790 0 0.0633 1.0000
151802 791 791 0 0.0632 1.0000
151802 792 792 0 0.0631 1.0000
151802 793 793 0 0.0631 1.0000
151802 794 794 0 0.0630 1.0000
151802 795 795 0 0.0629 1.0000
151802 796 796 0 0.0628 1.0000
151802 797 797 0 0.0627 1.0000
151802 798 798 0 0.0627 1.0000
151802 799 799 0 0.0626 1.0000
151802 800 800 0 0.0625 1.0000
151802 801 801 0 0.0624 1.0000
151802 802 802 0 0.0623 1.0000
151802 803 803 0 0.0623 1.0000
151802 804 804 0 0.0622 1.0000
151802 805 805 0 0.0621 1.0000
151802 806 806 0 0.0620 1.0000
151802 807 807 0 0.0620 1.0000
151802 808 808 0 0.0619 1.0000
151802 809 809 0 0.0618 1.0000
151802 810 810 0 0.0617 1.0000
151802 811 811 0 0.0617 1.0000
151802 812 812 0 0.0616 1.0000
151802 813 813 0 0.0615 1.0000
151802 814 814 0 0.0614 1.0000
151802 815 815 0 0.0613 1.0000
151802 816 816 0 0.0613 1.0000
151802 817 817 0 0.0612 1.0000
151802 818 818 0 0.0611 1.0000
151802 819 819 0 0.0611 1.0000
151802 820 820 0 0.0610 1.0000
151802 821 821 0 0.0609 1.0000
151802 822 822 0 0.0608 1.0000
151802 823 823 0 0.0608 1.0000
151802 824 824 0 0.0607 1.0000
151802 825 825 0 0.0606 1.0000
151802 826 826 0 0.0605 1.0000
151802 827 827 0 0.0605 1.0000
151802 828 828 0 0.0604 1.0000
151802 829 829 0 0.0603 1.0000
151802 830 830 0 0.0602 1.0000
151802 831 831 0 0.0602 1.0000
151802 832 832 0 0.0601 1.0000
151802 833 833 0 0.0600 1.0000
151802 834 834 0 0.0600 1.0000
151802 835 835 0 0.0599 1.0000
151802 836 836 0 0.0598 1.0000
151802 837 837 0 0.0597 1.0000
151802 838 838 0 0.0597 1.0000
151802 839 839 0 0.0596 1.0000
151802 840 840 0 0.0595 1.0000
151802 841 841 0 0.0595 1.0000
151802 842 842 0 0.0594 1.0000
151802 843 843 0 0.0593 1.0000
151802 844 844 0 0.0592 1.0000
151802 845 845 0 0.0592 1.0000
151802 846 846 0 0.0591 1.0000
151802 847 847 0 0.0590 1.0000
151802 848 848 0 0.0590 1.0000
151802 849 849 0 0.0589 1.0000
151802 850 850 0 0.0588 1.0000
151802 851 851 0 0.0588 1.0000
151802 852 852 0 0.0587 1.0000
151802 853 853 0 0.0586 1.0000
151802 854 854 0 0.0585 1.0000
151802 855 855 0 0.0585 1.0000
151802 856 856 0 0.0584 1.0000
151802 857 857 0 0.0583 1.0000
151802 858 858 0 0.0583 1.0000
151802 859 859 0 0.0582 1.0000
151802 860 860 0 0.0581 1.0000
151802 861 861 0 0.0581 1.0000
151802 862 862 0 0.0580 1.0000
151802 863 863 0 0.0579 1.0000
151802 864 864 0 0.0579 1.0000
151802 865 865 0 0.0578 1.0000
151802 866 866 0 0.0577 1.0000
151802 867 867 0 0.0577 1.0000
151802 868 868 0 0.0576 1.0000
151802 869 869 0 0.0575 1.0000
151802 870 870 0 0.0575 1.0000
151802 871 871 0 0.0574 1.0000
151802 872 872 0 0.0573 1.0000
151802 873 873 0 0.0573 1.0000
151802 874 874 0 0.0572 1.0000
151802 875 875 0 0.0571 1.0000
151802 876 876 0 0.0571 1.0000
151802 877 877 0 0.0570 1.0000
151802 878 878 0 0.0569 1.0000
151802 879 879 0 0.0569 1.0000
151802 880 880 0 0.0568 1.0000
151802 881 881 0 0.0568 1.0000
151802 882 882 0 0.0567 1.0000
151802 883 883 0 0.0566 1.0000
151802 884 884 0 0.0566 1.0000
151802 885 885 0 0.0565 1.0000
151802 886 886 0 0.0564 1.0000
151802 887 887 0 0.0564 1.0000
151802 888 888 0 0.0563 1.0000
151802 889 889 0 0.0562 1.0000
151802 890 890 0 0.0562 1.0000
151802 891 891 0 0.0561 1.0000
151802 892 892 0 0.0561 1.0000
151802 893 893 0 0.0560 1.0000
151802 894 894 0 0.0559 1.0000
151802 895 895 0 0.0559 1.0000
151802 896 896 0 0.0558 1.0000
151802 897 897 0 0.0557 1.0000
151802 898 898 0 0.0557 1.0000
151802 899 899 0 0.0556 1.0000
151802 900 900 0 0.0556 1.0000
151802 901 901 0 0.0555 1.0000
151802 902 902 0 0.0554 1.0000
151802 903 903 0 0.0554 1.0000
151802 904 904 0 0.0553 1.0000
151802 905 905 0 0.0552 1.0000
151802 906 906 0 0.0552 1.0000
151802 907 907 0 0.0551 1.0000
151802 908 908 0 0.0551 1.0000
151802 909 909 0 0.0550 1.0000
151802 910 910 0 0.0549 1.0000
151802 911 911 0 0.0549 1.0000
151802 912 912 0 0.0548 1.0000
151802 913 913 0 0.0548 1.0000
151802 914 914 0 0.0547 1.0000
151802 915 915 0 0.0546 1.0000
151802 916 916 0 0.0546 1.0000
151802 917 917 0 0.0545 1.0000
151802 918 918 0 0.0545 1.0000
151802 919 919 0 0.0544 1.0000
151802 920 920 0 0.0543 1.0000
151802 921 921 0 0.0543 1.0000
151802 922 922 0 0.0542 1.0000
151802 923 923 0 0.0542 1.0000
151802 924 924 0 0.0541 1.0000
151802 925 925 0 0.0541 1.0000
151802 926 926 0 0.0540 1.0000
151802 927 927 0 0.0539 1.0000
151802 928 928 0 0.0539 1.0000
151802 929 929 0 0.0538 1.0000
151802 930 930 0 0.0538 1.0000
151802 931 931 0 0.0537 1.0000
151802 932 932 0 0.0536 1.0000
151802 933 933 0 0.0536 1.0000
151802 934 934 0 0.0535 1.0000
151802 935 935 0 0.0535 1.0000
151802 936 936 0 0.0534 1.0000
151802 937 937 0 0.0534 1.0000
151802 938 938 0 0.0533 1.0000
151802 939 939 0 0.0532 1.0000
151802 940 940 0 0.0532 1.0000
151802 941 941 0 0.0531 1.0000
151802 942 942 0 0.0531 1.0000
151802 943 943 0 0.0530 1.0000
151802 944 944 0 0.0530 1.0000
151802 945 945 0 0.0529 1.0000
151802 946 946 0 0.0529 1.0000
151802 947 947 0 0.0528 1.0000
151802 948 948 0 0.0527 1.0000
151802 949 949 0 0.0527 1.0000
151802 950 950 0 0.0526 1.0000
151802 951 951 0 0.0526 1.0000
151802 952 952 0 0.0525 1.0000
151802 953 953 0 0.0525 1.0000
151802 954 954 0 0.0524 1.0000
151802 955 955 0 0.0524 1.0000
151802 956 956 0 0.0523 1.0000
151802 957 957 0 0.0522 1.0000
151802 958 958 0 0.0522 1.0000
151802 959 959 0 0.0521 1.0000
151802 960 960 0 0.0521 1.0000
151802 961 961 0 0.0520 1.0000
151802 962 962 0 0.0520 1.0000
151802 963 963 0 0.0519 1.0000
151802 964 964 0 0.0519 1.0000
151802 965 965 0 0.0518 1.0000
151802 966 966 0 0.0518 1.0000
151802 967 967 0 0.0517 1.0000
151802 968 968 0 0.0517 1.0000
151802 969 969 0 0.0516 1.0000
151802 970 970 0 0.0515 1.0000
151802 971 971 0 0.0515 1.0000
151802 972 972 0 0.0514 1.0000
151802 973 973 0 0.0514 1.0000
151802 974 974 0 0.0513 1.0000
151802 975 975 0 0.0513 1.0000
151802 976 976 0 0.0512 1.0000
151802 977 977 0 0.0512 1.0000
151802 978 978 0 0.0511 1.0000
151802 979 979 0 0.0511 1.0000
151802 980 980 0 0.0510 1.0000
151802 981 981 0 0.0510 1.0000
151802 982 982 0 0.0509 1.0000
151802 983 983 0 0.0509 1.0000
151802 984 984 0 0.0508 1.0000
151802 985 985 0 0.0508 1.0000
151802 986 986 0 0.0507 1.0000
151802 987 987 0 0.0507 1.0000
151802 988 988 0 0.0506 1.0000
151802 989 989 0 0.0506 1.0000
151802 990 990 0 0.0505 1.0000
151802 991 991 0 0.0505 1.0000
151802 992 992 0 0.0504 1.0000
151802 993 993 0 0.0504 1.0000
151802 994 994 0 0.0503 1.0000
151802 995 995 0 0.0503 1.0000
151802 996 996 0 0.0502 1.0000
151802 997 997 0 0.0502 1.0000
151802 998 998 0 0.0501 1.0000
151802 999 999 0 0.0501 1.0000
151802 1000 1000 0 0.0500 1.0000
151803 1 1 0 0.0000 0.0000
151803 2 2 1 0.5000 0.0345
151803 3 3 1 0.6667 0.0690
151803 4 4 1 0.7500 0.1034
151803 5 5 1 0.8000 0.1379
151803 6 6 1 0.8333 0.1724
151803 7 7 1 0.8571 0.2069
151803 8 8 1 0.8750 0.2414
151803 9 9 1 0.8889 0.2759
151803 10 10 1 0.9000 0.3103
151803 11 11 1 0.9091 0.3448
151803 12 12 1 0.9167 0.3793
151803 13 13 1 0.9231 0.4138
151803 14 14 1 0.9286 0.4483
151803 15 15 1 0.9333 0.4828
151803 16 16 1 0.9375 0.5172
151803 17 17 1 0.9412 0.5517
151803 18 18 1 0.9444 0.5862
151803 19 19 1 0.9474 0.6207
151803 20 20 1 0.9500 0.6552
151803 21 21 1 0.9524 0.6897
151803 22 22 1 0.9545 0.7241
151803 23 23 1 0.9565 0.7586
151803 24 24 1 0.9583 0.7931
151803 25 25 1 0.9600 0.8276
151803 26 26 1 0.9615 0.8621
151803 27 27 1 0.9630 0.8966
151803 28 28 1 0.9643 0.9310
151803 29 29 1 0.9655 0.9655
151803 30 30 1 0.9667 1.0000
151803 31 31 0 0.9355 1.0000
151803 32 32 0 0.9062 1.0000
151803 33 33 0 0.8788 1.0000
151803 34 34 0 0.8529 1.0000
151803 35 35 0 0.8286 1.0000
151803 36 36 0 0.8056 1.0000
151803 37 37 0 0.7838 1.0000
151803 38 38 0 0.7632 1.0000
151803 39 39 0 0.7436 1.0000
151803 40 40 0 0.7250 1.0000
151803 41 41 0 0.7073 1.0000
151803 42 42 0 0.6905 1.0000
151803 43 43 0 0.6744 1.0000
151803 44 44 0 0.6591 1.0000
151803 45 45 0 0.6444 1.0000
151803 46 46 0 0.6304 1.0000
151803 47 47 0 0.6170 1.0000
151803 48 48 0 0.6042 1.0000
151803 49 49 0 0.5918 1.0000
151803 50 50 0 0.5800 1.0000
151803 51 51 0 0.5686 1.0000
151803 52 52 0 0.5577 1.0000
151803 53 53 0 0.5472 1.0000
151803 54 54 0 0.5370 1.0000
151803 55 55 0 0.5273 1.0000
151803 56 56 0 0.5179 1.0000
151803 57 57 0 0.5088 1.0000
151803 58 58 0 0.5000 1.0000
151803 59 59 0 0.4915 1.0000
151803 60 60 0 0.4833 1.0000
151803 61 61 0 0.4754 1.0000
151803 62 62 0 0.4677 1.0000
151803 63 63 0 0.4603 1.0000
151803 64 64 0 0.4531 1.0000
151803 65 65 0 0.4462 1.0000
151803 66 66 0 0.4394 1.0000
151803 67 67 0 0.4328 1.0000
151803 68 68 0 0.4265 1.0000
151803 69 69 0 0.4203 1.0000
151803 70 70 0 0.4143 1.0000
151803 71 71 0 0.4085 1.0000
151803 72 72 0 0.4028 1.0000
151803 73 73 0 0.3973 1.0000
151803 74 74 0 0.3919 1.0000
151803 75 75 0 0.3867 1.0000
151803 76 76 0 0.3816 1.0000
151803 77 77 0 0.3766 1.0000
151803 78 78 0 0.3718 1.0000
151803 79 79 0 0.3671 1.0000
151803 80 80 0 0.3625 1.0000
151803 81 81 0 0.3580 1.0000
151803 82 82 0 0.3537 1.0000
151803 83 83 0 0.3494 1.0000
151803 84 84 0 0.3452 1.0000
151803 85 85 0 0.3412 1.0000
151803 86 86 0 0.3372 1.0000
151803 87 87 0 0.3333 1.0000
151803 88 88 0 0.3295 1.0000
151803 89 89 0 0.3258 1.0000
151803 90 90 0 0.3222 1.0000
151803 91 91 0 0.3187 1.0000
151803 92 92 0 0.3152 1.0000
151803 93 93 0 0.3118 1.0000
151803 94 94 0 0.3085 1.0000
151803 95 95 0 0.3053 1.0000
151803 96 96 0 0.3021 1.0000
151803 97 97 0 0.2990 1.0000
151803 98 98 0 0.2959 1.0000
151803 99 99 0 0.2929 1.0000
151803 100 100 0 0.2900 1.0000
151803 101 101 0 0.2871 1.0000
151803 102 102 0 0.2843 1.0000
151803 103 103 0 0.2816 1.0000
151803 104 104 0 0.2788 1.0000
151803 105 105 0 0.2762 1.0000
151803 106 106 0 0.2736 1.0000
151803 107 107 0 0.2710 1.0000
151803 108 108 0 0.2685 1.0000
151803 109 109 0 0.2661 1.0000
151803 110 110 0 0.2636 1.0000
151803 111 111 0 0.2613 1.0000
151803 112 112 0 0.2589 1.0000
151803 113 113 0 0.2566 1.0000
151803 114 114 0 0.2544 1.0000
151803 115 115 0 0.2522 1.0000
151803 116 116 0 0.2500 1.0000
151803 117 117 0 0.2479 1.0000
151803 118 118 0 0.2458 1.0000
151803 119 119 0 0.2437 1.0000
151803 120 120 0 0.2417 1.0000
151803 121 121 0 0.2397 1.0000
151803 122 122 0 0.2377 1.0000
151803 123 123 0 0.2358 1.0000
151803 124 124 0 0.2339 1.0000
151803 125 125 0 0.2320 1.0000
151803 126 126 0 0.2302 1.0000
151803 127 127 0 0.2283 1.0000
151803 128 128 0 0.2266 1.0000
151803 129 129 0 0.2248 1.0000
151803 130 130 0 0.2231 1.0000
151803 131 131 0 0.2214 1.0000
151803 132 132 0 0.2197 1.0000
151803 133 133 0 0.2180 1.0000
151803 134 134 0 0.2164 1.0000
151803 135 135 0 0.2148 1.0000
151803 136 136 0 0.2132 1.0000
151803 137 137 0 0.2117 1.0000
151803 138 138 0 0.2101 1.0000
151803 139 139 0 0.2086 1.0000
151803 140 140 0 0.2071 1.0000
151803 141 141 0 0.2057 1.0000
151803 142 142 0 0.2042 1.0000
151803 143 143 0 0.2028 1.0000
151803 144 144 0 0.2014 1.0000
151803 145 145 0 0.2000 1.0000
151803 146 146 0 0.1986 1.0000
151803 147 147 0 0.1973 1.0000
151803 148 148 0 0.1959 1.0000
151803 149 149 0 0.1946 1.0000
151803 150 150 0 0.1933 1.0000
151803 151 151 0 0.1921 1.0000
151803 152 152 0 0.1908 1.0000
151803 153 153 0 0.1895 1.0000
151803 154 154 0 0.1883 1.0000
151803 155 155 0 0.1871 1.0000
151803 156 156 0 0.1859 1.0000
151803 157 157 0 0.1847 1.0000
151803 158 158 0 0.1835 1.0000
151803 159 159 0 0.1824 1.0000
151803 160 160 0 0.1812 1.0000
151803 161 161 0 0.1801 1.0000
151803 162 162 0 0.1790 1.0000
151803 163 163 0 0.1779 1.0000
151803 164 164 0 0.1768 1.0000
151803 165 165 0 0.1758 1.0000
151803 166 166 0 0.1747 1.0000
151803 167 167 0 0.1737 1.0000
151803 168 168 0 0.1726 1.0000
151803 169 169 0 0.1716 1.0000
151803 170 170 0 0.1706 1.0000
151803 171 171 0 0.1696 1.0000
151803 172 172 0 0.1686 1.0000
151803 173 173 0 0.1676 1.0000
151803 174 174 0 0.1667 1.0000
151803 175 175 0 0.1657 1.0000
151803 176 176 0 0.1648 1.0000
151803 177 177 0 0.1638 1.0000
151803 178 178 0 0.1629 1.0000
151803 179 179 0 0.1620 1.0000
151803 180 180 0 0.1611 1.0000
151803 181 181 0 0.1602 1.0000
151803 182 182 0 0.1593 1.0000
151803 183 183 0 0.1585 1.0000
151803 184 184 0 0.1576 1.0000
151803 185 185 0 0.1568 1.0000
151803 186 186 0 0.1559 1.0000
151803 187 187 0 0.1551 1.0000
151803 188 188 0 0.1543 1.0000
151803 189 189 0 0.1534 1.0000
151803 190 190 0 0.1526 1.0000
151803 191 191 0 0.1518 1.0000
151803 192 192 0 0.1510 1.0000
151803 193 193 0 0.1503 1.0000
151803 194 194 0 0.1495 1.0000
151803 195 195 0 0.1487 1.0000
151803 196 196 0 0.1480 1.0000
151803 197 197 0 0.1472 1.0000
151803 198 198 0 0.1465 1.0000
151803 199 199 0 0.1457 1.0000
151803 200 200 0 0.1450 1.0000
151803 201 201 0 0.1443 1.0000
151803 202 202 0 0.1436 1.0000
151803 203 203 0 0.1429 1.0000
151803 204 204 0 0.1422 1.0000
151803 205 205 0 0.1415 1.0000
151803 206 206 0 0.1408 1.0000
151803 207 207 0 0.1401 1.0000
151803 208 208 0 0.1394 1.0000
151803 209 209 0 0.1388 1.0000
151803 210 210 0 0.1381 1.0000
151803 211 211 0 0.1374 1.0000
151803 212 212 0 0.1368 1.0000
151803 213 213 0 0.1362 1.0000
151803 214 214 0 0.1355 1.0000
151803 215 215 0 0.1349 1.0000
151803 216 216 0 0.1343 1.0000
151803 217 217 0 0.1336 1.0000
151803 218 218 0 0.1330 1.0000
151803 219 219 0 0.1324 1.0000
151803 220 220 0 0.1318 1.0000
151803 221 221 0 0.1312 1.0000
151803 222 222 0 0.1306 1.0000
151803 223 223 0 0.1300 1.0000
151803 224 224 0 0.1295 1.0000
151803 225 225 0 0.1289 1.0000
151803 226 226 0 0.1283 1.0000
151803 227 227 0 0.1278 1.0000
151803 228 228 0 0.1272 1.0000
151803 229 229 0 0.1266 1.0000
151803 230 230 0 0.1261 1.0000
151803 231 231 0 0.1255 1.0000
151803 232 232 0 0.1250 1.0000
151803 233 233 0 0.1245 1.0000
151803 234 234 0 0.1239 1.0000
151803 235 235 0 0.1234 1.0000
151803 236 236 0 0.1229 1.0000
151803 237 237 0 0.1224 1.0000
151803 238 238 0 0.1218 1.0000
151803 239 239 0 0.1213 1.0000
151803 240 240 0 0.1208 1.0000
151803 241 241 0 0.1203 1.0000
151803 242 242 0 0.1198 1.0000
151803 243 243 0 0.1193 1.0000
151803 244 244 0 0.1189 1.0000
151803 245 245 0 0.1184 1.0000
151803 246 246 0 0.1179 1.0000
151803 247 247 0 0.1174 1.0000
151803 248 248 0 0.1169 1.0000
151803 249 249 0 0.1165 1.0000
151803 250 250 0 0.1160 1.0000
151803 251 251 0 0.1155 1.0000
151803 252 252 0 0.1151 1.0000
151803 253 253 0 0.1146 1.0000
151803 254 254 0 0.1142 1.0000
151803 255 255 0 0.1137 1.0000
151803 256 256 0 0.1133 1.0000
151803 257 257 0 0.1128 1.0000
151803 258 258 0 0.1124 1.0000
151803 259 259 0 0.1120 1.0000
151803 260 260 0 0.1115 1.0000
151803 261 261 0 0.1111 1.0000
151803 262 262 0 0.1107 1.0000
151803 263 263 0 0.1103 1.0000
151803 264 264 0 0.1098 1.0000
151803 265 265 0 0.1094 1.0000
151803 266 266 0 0.1090 1.0000
151803 267 267 0 0.1086 1.0000
151803 268 268 0 0.1082 1.0000
151803 269 269 0 0.1078 1.0000
151803 270 270 0 0.1074 1.0000
151803 271 271 0 0.1070 1.0000
151803 272 272 0 0.1066 1.0000
151803 273 273 0 0.1062 1.0000
151803 274 274 0 0.1058 1.0000
151803 275 275 0 0.1055 1.0000
151803 276 276 0 0.1051 1.0000
151803 277 277 0 0.1047 1.0000
151803 278 278 0 0.1043 1.0000
151803 279 279 0 0.1039 1.0000
151803 280 280 0 0.1036 1.0000
151803 281 281 0 0.1032 1.0000
151803 282 282 0 0.1028 1.0000
151803 283 283 0 0.1025 1.0000
151803 284 284 0 0.1021 1.0000
151803 285 285 0 0.1018 1.0000
151803 286 286 0 0.1014 1.0000
151803 287 287 0 0.1010 1.0000
151803 288 288 0 0.1007 1.0000
151803 289 289 0 0.1003 1.0000
151803 290 290 0 0.1000 1.0000
151803 291 291 0 0.0997 1.0000
151803 292 292 0 0.0993 1.0000
151803 293 293 0 0.0990 1.0000
151803 294 294 0 0.0986 1.0000
151803 295 295 0 0.0983 1.0000
151803 296 296 0 0.0980 1.0000
151803 297 297 0 0.0976 1.0000
151803 298 298 0 0.0973 1.0000
151803 299 299 0 0.0970 1.0000
151803 300 300 0 0.0967 1.0000
151803 301 301 0 0.0963 1.0000
151803 302 302 0 0.0960 1.0000
151803 303 303 0 0.0957 1.0000
151803 304 304 0 0.0954 1.0000
151803 305 305 0 0.0951 1.0000
151803 306 306 0 0.0948 1.0000
151803 307 307 0 0.0945 1.0000
151803 308 308 0 0.0942 1.0000
151803 309 309 0 0.0939 1.0000
151803 310 310 0 0.0935 1.0000
151803 311 311 0 0.0932 1.0000
151803 312 312 0 0.0929 1.0000
151803 313 313 0 0.0927 1.0000
151803 314 314 0 0.0924 1.0000
151803 315 315 0 0.0921 1.0000
151803 316 316 0 0.0918 1.0000
151803 317 317 0 0.0915 1.0000
151803 318 318 0 0.0912 1.0000
151803 319 319 0 0.0909 1.0000
151803 320 320 0 0.0906 1.0000
151803 321 321 0 0.0903 1.0000
151803 322 322 0 0.0901 1.0000
151803 323 323 0 0.0898 1.0000
151803 324 324 0 0.0895 1.0000
151803 325 325 0 0.0892 1.0000
151803 326 326 0 0.0890 1.0000
151803 327 327 0 0.0887 1.0000
151803 328 328 0 0.0884 1.0000
151803 329 329 0 0.0881 1.0000
151803 330 330 0 0.0879 1.0000
151803 331 331 0 0.0876 1.0000
151803 332 332 0 0.0873 1.0000
151803 333 333 0 0.0871 1.0000
151803 334 334 0 0.0868 1.0000
151803 335 335 0 0.0866 1.0000
151803 336 336 0 0.0863 1.0000
151803 337 337 0 0.0861 1.0000
151803 338 338 0 0.0858 1.0000
151803 339 339 0 0.0855 1.0000
151803 340 340 0 0.0853 1.0000
151803 341 341 0 0.0850 1.0000
151803 342 342 0 0.0848 1.0000
151803 343 343 0 0.0845 1.0000
151803 344 344 0 0.0843 1.0000
151803 345 345 0 0.0841 1.0000
151803 346 346 0 0.0838 1.0000
151803 347 347 0 0.0836 1.0000
151803 348 348 0 0.0833 1.0000
151803 349 349 0 0.0831 1.0000
151803 350 350 0 0.0829 1.0000
151803 351 351 0 0.0826 1.0000
151803 352 352 0 0.0824 1.0000
151803 353 353 0 0.0822 1.0000
151803 354 354 0 0.0819 1.0000
151803 355 355 0 0.0817 1.0000
151803 356 356 0 0.0815 1.0000
151803 357 357 0 0.0812 1.0000
151803 358 358 0 0.0810 1.0000
151803 359 359 0 0.0808 1.0000
151803 360 360 0 0.0806 1.0000
151803 361 361 0 0.0803 1.0000
151803 362 362 0 0.0801 1.0000
151803 363 363 0 0.0799 1.0000
151803 364 364 0 0.0797 1.0000
151803 365 365 0 0.0795 1.0000
151803 366 366 0 0.0792 1.0000
151803 367 367 0 0.0790 1.0000
151803 368 368 0 0.0788 1.0000
151803 369 369 0 0.0786 1.0000
151803 370 370 0 0.0784 1.0000
151803 371 371 0 0.0782 1.0000
151803 372 372 0 0.0780 1.0000
151803 373 373 0 0.0777 1.0000
151803 374 374 0 0.0775 1.0000
151803 375 375 0 0.0773 1.0000
151803 376 376 0 0.0771 1.0000
151803 377 377 0 0.0769 1.0000
151803 378 378 0 0.0767 1.0000
151803 379 379 0 0.0765 1.0000
151803 380 380 0 0.0763 1.0000
151803 381 381 0 0.0761 1.0000
151803 382 382 0 0.0759 1.0000
151803 383 383 0 0.0757 1.0000
151803 384 384 0 0.0755 1.0000
151803 385 385 0 0.0753 1.0000
151803 386 386 0 0.0751 1.0000
151803 387 387 0 0.0749 1.0000
151803 388 388 0 0.0747 1.0000
151803 389 389 0 0.0746 1.0000
151803 390 390 0 0.0744 1.0000
151803 391 391 0 0.0742 1.0000
151803 392 392 0 0.0740 1.0000
151803 393 393 0 0.0738 1.0000
151803 394 394 0 0.0736 1.0000
151803 395 395 0 0.0734 1.0000
151803 396 396 0 0.0732 1.0000
151803 397 397 0 0.0730 1.0000
151803 398 398 0 0.0729 1.0000
151803 399 399 0 0.0727 1.0000
151803 400 400 0 0.0725 1.0000
151803 401 401 0 0.0723 1.0000
151803 402 402 0 0.0721 1.0000
151803 403 403 0 0.0720 1.0000
151803 404 404 0 0.0718 1.0000
151803 405 405 0 0.0716 1.0000
151803 406 406 0 0.0714 1.0000
151803 407 407 0 0.0713 1.0000
151803 408 408 0 0.0711 1.0000
151803 409 409 0 0.0709 1.0000
151803 410 410 0 0.0707 1.0000
151803 411 411 0 0.0706 1.0000
151803 412 412 0 0.0704 1.0000
151803 413 413 0 0.0702 1.0000
151803 414 414 0 0.0700 1.0000
151803 415 415 0 0.0699 1.0000
151803 416 416 0 0.0697 1.0000
151803 417 417 0 0.0695 1.0000
151803 418 418 0 0.0694 1.0000
151803 419 419 0 0.0692 1.0000
151803 420 420 0 0.0690 1.0000
151803 421 421 0 0.0689 1.0000
151803 422 422 0 0.0687 1.0000
151803 423 423 0 0.0686 1.0000
151803 424 424 0 0.0684 1.0000
151803 425 425 0 0.0682 1.0000
151803 426 426 0 0.0681 1.0000
151803 427 427 0 0.0679 1.0000
151803 428 428 0 0.0678 1.0000
151803 429 429 0 0.0676 1.0000
151803 430 430 0 0.0674 1.0000
151803 431 431 0 0.0673 1.0000
151803 432 432 0 0.0671 1.0000
151803 433 433 0 0.0670 1.0000
151803 434 434 0 0.0668 1.0000
151803 435 435 0 0.0667 1.0000
151803 436 436 0 0.0665 1.0000
151803 437 437 0 0.0664 1.0000
151803 438 438 0 0.0662 1.0000
151803 439 439 0 0.0661 1.0000
151803 440 440 0 0.0659 1.0000
151803 441 441 0 0.0658 1.0000
151803 442 442 0 0.0656 1.0000
151803 443 443 0 0.0655 1.0000
151803 444 444 0 0.0653 1.0000
151803 445 445 0 0.0652 1.0000
151803 446 446 0 0.0650 1.0000
151803 447 447 0 0.0649 1.0000
151803 448 448 0 0.0647 1.0000
151803 449 449 0 0.0646 1.0000
151803 450 450 0 0.0644 1.0000
151803 451 451 0 0.0643 1.0000
151803 452 452 0 0.0642 1.0000
151803 453 453 0 0.0640 1.0000
151803 454 454 0 0.0639 1.0000
151803 455 455 0 0.0637 1.0000
151803 456 456 0 0.0636 1.0000
151803 457 457 0 0.0635 1.0000
151803 458 458 0 0.0633 1.0000
151803 459 459 0 0.0632 1.0000
151803 460 460 0 0.0630 1.0000
151803 461 461 0 0.0629 1.0000
151803 462 462 0 0.0628 1.0000
151803 463 463 0 0.0626 1.0000
151803 464 464 0 0.0625 1.0000
151803 465 465 0 0.0624 1.0000
151803 466 466 0 0.0622 1.0000
151803 467 467 0 0.0621 1.0000
151803 468 468 0 0.0620 1.0000
151803 469 469 0 0.0618 1.0000
151803 470 470 0 0.0617 1.0000
151803 471 471 0 0.0616 1.0000
151803 472 472 0 0.0614 1.0000
151803 473 473 0 0.0613 1.0000
151803 474 474 0 0.0612 1.0000
151803 475 475 0 0.0611 1.0000
151803 476 476 0 0.0609 1.0000
151803 477 477 0 0.0608 1.0000
151803 478 478 0 0.0607 1.0000
151803 479 479 0 0.0605 1.0000
151803 480 480 0 0.0604 1.0000
151803 481 481 0 0.0603 1.0000
151803 482 482 0 0.0602 1.0000
151803 483 483 0 0.0600 1.0000
151803 484 484 0 0.0599 1.0000
151803 485 485 0 0.0598 1.0000
151803 486 486 0 0.0597 1.0000
151803 487 487 0 0.0595 1.0000
151803 488 488 0 0.0594 1.0000
151803 489 489 0 0.0593 1.0000
151803 490 490 0 0.0592 1.0000
151803 491 491 0 0.0591 1.0000
151803 492 492 0 0.0589 1.0000
151803 493 493 0 0.0588 1.0000
151803 494 494 0 0.0587 1.0000
151803 495 495 0 0.0586 1.0000
151803 496 496 0 0.0585 1.0000
151803 497 497 0 0.0584 1.0000
151803 498 498 0 0.0582 1.0000
151803 499 499 0 0.0581 1.0000
151803 500 500 0 0.0580 1.0000
151803 501 501 0 0.0579 1.0000
151803 502 502 0 0.0578 1.0000
151803 503 503 0 0.0577 1.0000
151803 504 504 0 0.0575 1.0000
151803 505 505 0 0.0574 1.0000
151803 506 506 0 0.0573 1.0000
151803 507 507 0 0.0572 1.0000
151803 508 508 0 0.0571 1.0000
151803 509 509 0 0.0570 1.0000
151803 510 510 0 0.0569 1.0000
151803 511 511 0 0.0568 1.0000
151803 512 512 0 0.0566 1.0000
151803 513 513 0 0.0565 1.0000
151803 514 514 0 0.0564 1.0000
151803 515 515 0 0.0563 1.0000
151803 516 516 0 0.0562 1.0000
151803 517 517 0 0.0561 1.0000
151803 518 518 0 0.0560 1.0000
151803 519 519 0 0.0559 1.0000
151803 520 520 0 0.0558 1.0000
151803 521 521 0 0.0557 1.0000
151803 522 522 0 0.0556 1.0000
151803 523 523 0 0.0554 1.0000
151803 524 524 0 0.0553 1.0000
151803 525 525 0 0.0552 1.0000
151803 526 526 0 0.0551 1.0000
151803 527 527 0 0.0550 1.0000
151803 528 528 0 0.0549 1.0000
151803 529 529 0 0.0548 1.0000
151803 530 530 0 0.0547 1.0000
151803 531 531 0 0.0546 1.0000
151803 532 532 0 0.0545 1.0000
151803 533 533 0 0.0544 1.0000
151803 534 534 0 0.0543 1.0000
151803 535 535 0 0.0542 1.0000
151803 536 536 0 0.0541 1.0000
151803 537 537 0 0.0540 1.0000
151803 538 538 0 0.0539 1.0000
151803 539 539 0 0.0538 1.0000
151803 540 540 0 0.0537 1.0000
151803 541 541 0 0.0536 1.0000
151803 542 542 0 0.0535 1.0000
151803 543 543 0 0.0534 1.0000
151803 544 544 0 0.0533 1.0000
151803 545 545 0 0.0532 1.0000
151803 546 546 0 0.0531 1.0000
151803 547 547 0 0.0530 1.0000
151803 548 548 0 0.0529 1.0000
151803 549 549 0 0.0528 1.0000
151803 550 550 0 0.0527 1.0000
151803 551 551 0 0.0526 1.0000
151803 552 552 0 0.0525 1.0000
151803 553 553 0 0.0524 1.0000
151803 554 554 0 0.0523 1.0000
151803 555 555 0 0.0523 1.0000
151803 556 556 0 0.0522 1.0000
151803 557 557 0 0.0521 1.0000
151803 558 558 0 0.0520 1.0000
151803 559 559 0 0.0519 1.0000
151803 560 560 0 0.0518 1.0000
151803 561 561 0 0.0517 1.0000
151803 562 562 0 0.0516 1.0000
151803 563 563 0 0.0515 1.0000
151803 564 564 0 0.0514 1.0000
151803 565 565 0 0.0513 1.0000
151803 566 566 0 0.0512 1.0000
151803 567 567 0 0.0511 1.0000
151803 568 568 0 0.0511 1.0000
151803 569 569 0 0.0510 1.0000
151803 570 570 0 0.0509 1.0000
151803 571 571 0 0.0508 1.0000
151803 572 572 0 0.0507 1.0000
151803 573 573 0 0.0506 1.0000
151803 574 574 0 0.0505 1.0000
151803 575 575 0 0.0504 1.0000
151803 576 576 0 0.0503 1.0000
151803 577 577 0 0.0503 1.0000
151803 578 578 0 0.0502 1.0000
151803 579 579 0 0.0501 1.0000
151803 580 580 0 0.0500 1.0000
151803 581 581 0 0.0499 1.0000
151803 582 582 0 0.0498 1.0000
151803 583 583 0 0.0497 1.0000
151803 584 584 0 0.0497 1.0000
151803 585 585 0 0.0496 1.0000
151803 586 586 0 0.0495 1.0000
151803 587 587 0 0.0494 1.0000
151803 588 588 0 0.0493 1.0000
151803 589 589 0 0.0492 1.0000
151803 590 590 0 0.0492 1.0000
151803 591 591 0 0.0491 1.0000
151803 592 592 0 0.0490 1.0000
151803 593 593 0 0.0489 1.0000
151803 594 594 0 0.0488 1.0000
151803 595 595 0 0.0487 1.0000
151803 596 596 0 0.0487 1.0000
151803 597 597 0 0.0486 1.0000
151803 598 598 0 0.0485 1.0000
151803 599 599 0 0.0484 1.0000
151803 600 600 0 0.0483 1.0000
151803 601 601 0 0.0483 1.0000
151803 602 602 0 0.0482 1.0000
151803 603 603 0 0.0481 1.0000
151803 604 604 0 0.0480 1.0000
151803 605 605 0 0.0479 1.0000
151803 606 606 0 0.0479 1.0000
151803 607 607 0 0.0478 1.0000
151803 608 608 0 0.0477 1.0000
151803 609 609 0 0.0476 1.0000
151803 610 610 0 0.0475 1.0000
151803 611 611 0 0.0475 1.0000
151803 612 612 0 0.0474 1.0000
151803 613 613 0 0.0473 1.0000
151803 614 614 0 0.0472 1.0000
151803 615 615 0 0.0472 1.0000
151803 616 616 0 0.0471 1.0000
151803 617 617 0 0.0470 1.0000
151803 618 618 0 0.0469 1.0000
151803 619 619 0 0.0468 1.0000
151803 620 620 0 0.0468 1.0000
151803 621 621 0 0.0467 1.0000
151803 622 622 0 0.0466 1.0000
151803 623 623 0 0.0465 1.0000
151803 624 624 0 0.0465 1.0000
151803 625 625 0 0.0464 1.0000
151803 626 626 0 0.0463 1.0000
151803 627 627 0 0.0463 1.0000
151803 628 628 0 0.0462 1.0000
151803 629 629 0 0.0461 1.0000
151803 630 630 0 0.0460 1.0000
151803 631 631 0 0.0460 1.0000
151803 632 632 0 0.0459 1.0000
151803 633 633 0 0.0458 1.0000
151803 634 634 0 0.0457 1.0000
151803 635 635 0 0.0457 1.0000
151803 636 636 0 0.0456 1.0000
151803 637 637 0 0.0455 1.0000
151803 638 638 0 0.0455 1.0000
151803 639 639 0 0.0454 1.0000
151803 640 640 0 0.0453 1.0000
151803 641 641 0 0.0452 1.0000
151803 642 642 0 0.0452 1.0000
151803 643 643 0 0.0451 1.0000
151803 644 644 0 0.0450 1.0000
151803 645 645 0 0.0450 1.0000
151803 646 646 0 0.0449 1.0000
151803 647 647 0 0.0448 1.0000
151803 648 648 0 0.0448 1.0000
151803 649 649 0 0.0447 1.0000
151803 650 650 0 0.0446 1.0000
151803 651 651 0 0.0445 1.0000
151803 652 652 0 0.0445 1.0000
151803 653 653 0 0.0444 1.0000
151803 654 654 0 0.0443 1.0000
151803 655 655 0 0.0443 1.0000
151803 656 656 0 0.0442 1.0000
151803 657 657 0 0.0441 1.0000
151803 658 658 0 0.0441 1.0000
151803 659 659 0 0.0440 1.0000
151803 660 660 0 0.0439 1.0000
151803 661 661 0 0.0439 1.0000
151803 662 662 0 0.0438 1.0000
151803 663 663 0 0.0437 1.0000
151803 664 664 0 0.0437 1.0000
151803 665 665 0 0.0436 1.0000
151803 666 666 0 0.0435 1.0000
151803 667 667 0 0.0435 1.0000
151803 668 668 0 0.0434 1.0000
151803 669 669 0 0.0433 1.0000
151803 670 670 0 0.0433 1.0000
151803 671 671 0 0.0432 1.0000
151803 672 672 0 0.0432 1.0000
151803 673 673 0 0.0431 1.0000
151803 674 674 0 0.0430 1.0000
151803 675 675 0 0.0430 1.0000
151803 676 676 0 0.0429 1.0000
151803 677 677 0 0.0428 1.0000
151803 678 678 0 0.0428 1.0000
151803 679 679 0 0.0427 1.0000
151803 680 680 0 0.0426 1.0000
151803 681 681 0 0.0426 1.0000
151803 682 682 0 0.0425 1.0000
151803 683 683 0 0.0425 1.0000
151803 684 684 0 0.0424 1.0000
151803 685 685 0 0.0423 1.0000
151803 686 686 0 0.0423 1.0000
151803 687 687 0 0.0422 1.0000
151803 688 688 0 0.0422 1.0000
151803 689 689 0 0.0421 1.0000
151803 690 690 0 0.0420 1.0000
151803 691 691 0 0.0420 1.0000
151803 692 692 0 0.0419 1.0000
151803 693 693 0 0.0418 1.0000
151803 694 694 0 0.0418 1.0000
151803 695 695 0 0.0417 1.0000
151803 696 696 0 0.0417 1.0000
151803 697 697 0 0.0416 1.0000
151803 698 698 0 0.0415 1.0000
151803 699 699 0 0.0415 1.0000
151803 700 700 0 0.0414 1.0000
151803 701 701 0 0.0414 1.0000
151803 702 702 0 0.0413 1.0000
151803 703 703 0 0.0413 1.0000
151803 704 704 0 0.0412 1.0000
151803 705 705 0 0.0411 1.0000
151803 706 706 0 0.0411 1.0000
151803 707 707 0 0.0410 1.0000
151803 708 708 0 0.0410 1.0000
151803 709 709 0 0.0409 1.0000
151803 710 710 0 0.0408 1.0000
151803 711 711 0 0.0408 1.0000
151803 712 712 0 0.0407 1.0000
151803 713 713 0 0.0407 1.0000
151803 714 714 0 0.0406 1.0000
151803 715 715 0 0.0406 1.0000
151803 716 716 0 0.0405 1.0000
151803 717 717 0 0.0404 1.0000
151803 718 718 0 0.0404 1.0000
151803 719 719 0 0.0403 1.0000
151803 720 720 0 0.0403 1.0000
151803 721 721 0 0.0402 1.0000
151803 722 722 0 0.0402 1.0000
151803 723 723 0 0.0401 1.0000
151803 724 724 0 0.0401 1.0000
151803 725 725 0 0.0400 1.0000
151803 726 726 0 0.0399 1.0000
151803 727 727 0 0.0399 1.0000
151803 728 728 0 0.0398 1.0000
151803 729 729 0 0.0398 1.0000
151803 730 730 0 0.0397 1.0000
151803 731 731 0 0.0397 1.0000
151803 732 732 0 0.0396 1.0000
151803 733 733 0 0.0396 1.0000
151803 734 734 0 0.0395 1.0000
151803 735 735 0 0.0395 1.0000
151803 736 736 0 0.0394 1.0000
151803 737 737 0 0.0393 1.0000
151803 738 738 0 0.0393 1.0000
151803 739 739 0 0.0392 1.0000
151803 740 740 0 0.0392 1.0000
151803 741 741 0 0.0391 1.0000
151803 742 742 0 0.0391 1.0000
151803 743 743 0 0.0390 1.0000
151803 744 744 0 0.0390 1.0000
151803 745 745 0 0.0389 1.0000
151803 746 746 0 0.0389 1.0000
151803 747 747 0 0.0388 1.0000
151803 748 748 0 0.0388 1.0000
151803 749 749 0 0.0387 1.0000
151803 750 750 0 0.0387 1.0000
151803 751 751 0 0.0386 1.0000
151803 752 752 0 0.0386 1.0000
151803 753 753 0 0.0385 1.0000
151803 754 754 0 0.0385 1.0000
151803 755 755 0 0.0384 1.0000
151803 756 756 0 0.0384 1.0000
151803 757 757 0 0.0383 1.0000
151803 758 758 0 0.0383 1.0000
151803 759 759 0 0.0382 1.0000
151803 760 760 0 0.0382 1.0000
151803 761 761 0 0.0381 1.0000
151803 762 762 0 0.0381 1.0000
151803 763 763 0 0.0380 1.0000
151803 764 764 0 0.0380 1.0000
151803 765 765 0 0.0379 1.0000
151803 766 766 0 0.0379 1.0000
151803 767 767 0 0.0378 1.0000
151803 768 768 0 0.0378 1.0000
151803 769 769 0 0.0377 1.0000
151803 770 770 0 0.0377 1.0000
151803 771 771 0 0.0376 1.0000
151803 772 772 0 0.0376 1.0000
151803 773 773 0 0.0375 1.0000
151803 774 774 0 0.0375 1.0000
151803 775 775 0 0.0374 1.0000
151803 776 776 0 0.0374 1.0000
151803 777 777 0 0.0373 1.0000
151803 778 778 0 0.0373 1.0000
151803 779 779 0 0.0372 1.0000
151803 780 780 0 0.0372 1.0000
151803 781 781 0 0.0371 1.0000
151803 782 782 0 0.0371 1.0000
151803 783 783 0 0.0370 1.0000
151803 784 784 0 0.0370 1.0000
151803 785 785 0 0.0369 1.0000
151803 786 786 0 0.0369 1.0000
151803 787 787 0 0.0368 1.0000
151803 788 788 0 0.0368 1.0000
151803 789 789 0 0.0368 1.0000
151803 790 790 0 0.0367 1.0000
151803 791 791 0 0.0367 1.0000
151803 792 792 0 0.0366 1.0000
151803 793 793 0 0.0366 1.0000
151803 794 794 0 0.0365 1.0000
151803 795 795 0 0.0365 1.0000
151803 796 796 0 0.0364 1.0000
151803 797 797 0 0.0364 1.0000
151803 798 798 0 0.0363 1.0000
151803 799 799 0 0.0363 1.0000
151803 800 800 0 0.0362 1.0000
151803 801 801 0 0.0362 1.0000
151803 802 802 0 0.0362 1.0000
151803 803 803 0 0.0361 1.0000
151803 804 804 0 0.0361 1.0000
151803 805 805 0 0.0360 1.0000
151803 806 806 0 0.0360 1.0000
151803 807 807 0 0.0359 1.0000
151803 808 808 0 0.0359 1.0000
151803 809 809 0 0.0358 1.0000
151803 810 810 0 0.0358 1.0000
151803 811 811 0 0.0358 1.0000
151803 812 812 0 0.0357 1.0000
151803 813 813 0 0.0357 1.0000
151803 814 814 0 0.0356 1.0000
151803 815 815 0 0.0356 1.0000
151803 816 816 0 0.0355 1.0000
151803 817 817 0 0.0355 1.0000
151803 818 818 0 0.0355 1.0000
151803 819 819 0 0.0354 1.0000
151803 820 820 0 0.0354 1.0000
151803 821 821 0 0.0353 1.0000
151803 822 822 0 0.0353 1.0000
151803 823 823 0 0.0352 1.0000
151803 824 824 0 0.0352 1.0000
151803 825 825 0 0.0352 1.0000
151803 826 826 0 0.0351 1.0000
151803 827 827 0 0.0351 1.0000
151803 828 828 0 0.0350 1.0000
151803 829 829 0 0.0350 1.0000
151803 830 830 0 0.0349 1.0000
151803 831 831 0 0.0349 1.0000
151803 832 832 0 0.0349 1.0000
151803 833 833 0 0.0348 1.0000
151803 834 834 0 0.0348 1.0000
151803 835 835 0 0.0347 1.0000
151803 836 836 0 0.0347 1.0000
151803 837 837 0 0.0346 1.0000
151803 838 838 0 0.0346 1.0000
151803 839 839 0 0.0346 1.0000
151803 840 840 0 0.0345 1.0000
151803 841 841 0 0.0345 1.0000
151803 842 842 0 0.0344 1.0000
151803 843 843 0 0.0344 1.0000
151803 844 844 0 0.0344 1.0000
151803 845 845 0 0.0343 1.0000
151803 846 846 0 0.0343 1.0000
151803 847 847 0 0.0342 1.0000
151803 848 848 0 0.0342 1.0000
151803 849 849 0 0.0342 1.0000
151803 850 850 0 0.0341 1.0000
151803 851 851 0 0.0341 1.0000
151803 852 852 0 0.0340 1.0000
151803 853 853 0 0.0340 1.0000
151803 854 854 0 0.0340 1.0000
151803 855 855 0 0.0339 1.0000
151803 856 856 0 0.0339 1.0000
151803 857 857 0 0.0338 1.0000
151803 858 858 0 0.0338 1.0000
151803 859 859 0 0.0338 1.0000
151803 860 860 0 0.0337 1.0000
151803 861 861 0 0.0337 1.0000
151803 862 862 0 0.0336 1.0000
151803 863 863 0 0.0336 1.0000
151803 864 864 0 0.0336 1.0000
151803 865 865 0 0.0335 1.0000
151803 866 866 0 0.0335 1.0000
151803 867 867 0 0.0334 1.0000
151803 868 868 0 0.0334 1.0000
151803 869 869 0 0.0334 1.0000
151803 870 870 0 0.0333 1.0000
151803 871 871 0 0.0333 1.0000
151803 872 872 0 0.0333 1.0000
151803 873 873 0 0.0332 1.0000
151803 874 874 0 0.0332 1.0000
151803 875 875 0 0.0331 1.0000
151803 876 876 0 0.0331 1.0000
151803 877 877 0 0.0331 1.0000
151803 878 878 0 0.0330 1.0000
151803 879 879 0 0.0330 1.0000
151803 880 880 0 0.0330 1.0000
151803 881 881 0 0.0329 1.0000
151803 882 882 0 0.0329 1.0000
151803 883 883 0 0.0328 1.0000
151803 884 884 0 0.0328 1.0000
151803 885 885 0 0.0328 1.0000
151803 886 886 0 0.0327 1.0000
151803 887 887 0 0.0327 1.0000
151803 888 888 0 0.0327 1.0000
151803 889 889 0 0.0326 1.0000
151803 890 890 0 0.0326 1.0000
151803 891 891 0 0.0325 1.0000
151803 892 892 0 0.0325 1.0000
151803 893 893 0 0.0325 1.0000
151803 894 894 0 0.0324 1.0000
151803 895 895 0 0.0324 1.0000
151803 896 896 0 0.0324 1.0000
151803 897 897 0 0.0323 1.0000
151803 898 898 0 0.0323 1.0000
151803 899 899 0 0.0323 1.0000
151803 900 900 0 0.0322 1.0000
151803 901 901 0 0.0322 1.0000
151803 902 902 0 0.0322 1.0000
151803 903 903 0 0.0321 1.0000
151803 904 904 0 0.0321 1.0000
151803 905 905 0 0.0320 1.0000
151803 906 906 0 0.0320 1.0000
151803 907 907 0 0.0320 1.0000
151803 908 908 0 0.0319 1.0000
151803 909 909 0 0.0319 1.0000
151803 910 910 0 0.0319 1.0000
151803 911 911 0 0.0318 1.0000
151803 912 912 0 0.0318 1.0000
151803 913 913 0 0.0318 1.0000
151803 914 914 0 0.0317 1.0000
151803 915 915 0 0.0317 1.0000
151803 916 916 0 0.0317 1.0000
151803 917 917 0 0.0316 1.0000
151803 918 918 0 0.0316 1.0000
151803 919 919 0 0.0316 1.0000
151803 920 920 0 0.0315 1.0000
151803 921 921 0 0.0315 1.0000
151803 922 922 0 0.0315 1.0000
151803 923 923 0 0.0314 1.0000
151803 924 924 0 0.0314 1.0000
151803 925 925 0 0.0314 1.0000
151803 926 926 0 0.0313 1.0000
151803 927 927 0 0.0313 1.0000
151803 928 928 0 0.0312 1.0000
151803 929 929 0 0.0312 1.0000
151803 930 930 0 0.0312 1.0000
151803 931 931 0 0.0311 1.0000
151803 932 932 0 0.0311 1.0000
151803 933 933 0 0.0311 1.0000
151803 934 934 0 0.0310 1.0000
151803 935 935 0 0.0310 1.0000
151803 936 936 0 0.0310 1.0000
151803 937 937 0 0.0309 1.0000
151803 938 938 0 0.0309 1.0000
151803 939 939 0 0.0309 1.0000
151803 940 940 0 0.0309 1.0000
151803 941 941 0 0.0308 1.0000
151803 942 942 0 0.0308 1.0000
151803 943 943 0 0.0308 1.0000
151803 944 944 0 0.0307 1.0000
151803 945 945 0 0.0307 1.0000
151803 946 946 0 0.0307 1.0000
151803 947 947 0 0.0306 1.0000
151803 948 948 0 0.0306 1.0000
151803 949 949 0 0.0306 1.0000
151803 950 950 0 0.0305 1.0000
151803 951 951 0 0.0305 1.0000
151803 952 952 0 0.0305 1.0000
151803 953 953 0 0.0304 1.0000
151803 954 954 0 0.0304 1.0000
151803 955 955 0 0.0304 1.0000
151803 956 956 0 0.0303 1.0000
151803 957 957 0 0.0303 1.0000
151803 958 958 0 0.0303 1.0000
151803 959 959 0 0.0302 1.0000
151803 960 960 0 0.0302 1.0000
151803 961 961 0 0.0302 1.0000
151803 962 962 0 0.0301 1.0000
151803 963 963 0 0.0301 1.0000
151803 964 964 0 0.0301 1.0000
151803 965 965 0 0.0301 1.0000
151803 966 966 0 0.0300 1.0000
151803 967 967 0 0.0300 1.0000
151803 968 968 0 0.0300 1.0000
151803 969 969 0 0.0299 1.0000
151803 970 970 0 0.0299 1.0000
151803 971 971 0 0.0299 1.0000
151803 972 972 0 0.0298 1.0000
151803 973 973 0 0.0298 1.0000
151803 974 974 0 0.0298 1.0000
151803 975 975 0 0.0297 1.0000
151803 976 976 0 0.0297 1.0000
151803 977 977 0 0.0297 1.0000
151803 978 978 0 0.0297 1.0000
151803 979 979 0 0.0296 1.0000
151803 980 980 0 0.0296 1.0000
151803 981 981 0 0.0296 1.0000
151803 982 982 0 0.0295 1.0000
151803 983 983 0 0.0295 1.0000
151803 984 984 0 0.0295 1.0000
151803 985 985 0 0.0294 1.0000
151803 986 986 0 0.0294 1.0000
151803 987 987 0 0.0294 1.0000
151803 988 988 0 0.0294 1.0000
151803 989 989 0 0.0293 1.0000
151803 990 990 0 0.0293 1.0000
151803 991 991 0 0.0293 1.0000
151803 992 992 0 0.0292 1.0000
151803 993 993 0 0.0292 1.0000
151803 994 994 0 0.0292 1.0000
151803 995 995 0 0.0291 1.0000
151803 996 996 0 0.0291 1.0000
151803 997 997 0 0.0291 1.0000
151803 998 998 0 0.0291 1.0000
151803 999 999 0 0.0290 1.0000
151803 1000 1000 0 0.0290 1.0000
