151801 0 1 0
151801 0 2 1
151801 0 3 1
151801 0 4 1
151801 0 5 1
151801 0 6 1
151801 0 7 1
151801 0 8 1
151801 0 9 1
151801 0 10 1
151801 0 11 1
151801 0 12 1
151801 0 13 1
151801 0 14 1
151801 0 15 1
151801 0 16 1
151801 0 17 1
151801 0 18 1
151801 0 19 1
151801 0 20 1
151801 0 21 1
151801 0 22 1
151801 0 23 1
151801 0 24 1
151801 0 25 1
151801 0 26 1
151801 0 27 1
151801 0 28 1
151801 0 29 1
151801 0 30 1
151801 0 31 1
151801 0 32 1
151801 0 33 1
151801 0 34 1
151801 0 35 1
151801 0 36 1
151801 0 37 1
151801 0 38 1
151801 0 39 1
151801 0 40 1
151801 0 41 1
151801 0 42 1
151801 0 43 1
151801 0 44 1
151801 0 45 1
151801 0 46 1
151801 0 47 1
151801 0 48 1
151801 0 49 1
151801 0 50 1
151802 0 1 1
151802 0 2 1
151802 0 3 1
151802 0 4 1
151802 0 5 1
151802 0 6 1
151802 0 7 1
151802 0 8 1
151802 0 9 1
151802 0 10 1
151802 0 11 1
151802 0 12 1
151802 0 13 1
151802 0 14 1
151802 0 15 1
151802 0 16 1
151802 0 17 1
151802 0 18 1
151802 0 19 1
151802 0 20 1
151802 0 21 1
151802 0 22 1
151802 0 23 1
151802 0 24 1
151802 0 25 1
151802 0 26 1
151802 0 27 1
151802 0 28 1
151802 0 29 1
151802 0 30 1
151802 0 31 1
151802 0 32 1
151802 0 33 1
151802 0 34 1
151802 0 35 1
151802 0 36 1
151802 0 37 1
151802 0 38 1
151802 0 39 1
151802 0 40 1
151802 0 41 1
151802 0 42 1
151802 0 43 1
151802 0 44 1
151802 0 45 1
151802 0 46 1
151802 0 47 1
151802 0 48 1
151802 0 49 1
151802 0 50 1
151803 0 1 0
151803 0 2 1
151803 0 3 1
151803 0 4 1
151803 0 5 1
151803 0 6 1
151803 0 7 1
151803 0 8 1
151803 0 9 1
151803 0 10 1
151803 0 11 1
151803 0 12 1
151803 0 13 1
151803 0 14 1
151803 0 15 1
151803 0 16 1
151803 0 17 1
151803 0 18 1
151803 0 19 1
151803 0 20 1
151803 0 21 1
151803 0 22 1
151803 0 23 1
151803 0 24 1
151803 0 25 1
151803 0 26 1
151803 0 27 1
151803 0 28 1
151803 0 29 1
151803 0 30 1